,neighborhood,LAND_SF,YR_BUILT,YR_REMOD,AV_LAND,AV_BLDG,AV_TOTAL,GROSS_TAX,LAND_SF.1,GROSS_AREA,LIVING_AREA,U_INT_CND,AC_final,HEAT_TYP,Tax_Exempt,PPSQFT,n_count,Third_count
0,Beacon Hill,792.0,1920.0,201.5,0.0,712520.0,712520.0,750996.1,792.0,792.0,792.0,0.7,0.0,6.0,0.0,903.5508872512476,3501.0,1167.0
0,Beacon Hill,872.0,1920.0,801.2,0.0,783200.0,783200.0,825492.9,872.0,872.0,872.0,0.9,0.1,6.0,0.0,896.1386036792849,3501.0,1167.0
0,Beacon Hill,852.5,1920.0,803.1,0.0,794240.0,794240.0,837129.0,852.5,852.5,852.5,1.2,0.0,6.0,0.0,928.5350522134589,3501.0,1167.0
0,Beacon Hill,882.9,1897.9,1194.0,151990.0,800320.0,952310.0,1003734.9,882.9,1422.9,1240.9,0.8,-0.1,4.8,0.0,935.3664860978657,3501.0,1167.0
0,Beacon Hill,1881.6,1861.0,1996.4,198320.0,1998792.0,2197112.0,2315756.2,1881.6,2459.4,2267.4,2.6,0.5,4.1,0.0,1039.5370612092045,3501.0,1167.0
0,Beacon Hill,2014.8,1938.5,2005.7,0.0,3818590.0,3818590.0,4024794.0,2014.8,2014.9,2014.9,2.0,0.5,3.5,0.0,1515.6191122081684,3501.0,1167.0
0,Beacon Hill,1840.4,1940.8,1802.8,678660.0,2082800.0,2761460.0,2030963.3,1840.4,4170.2,3523.3,1.3,0.1,3.1,0.1,1103.0886203779298,3501.0,1167.0
0,Beacon Hill,1227.2,1889.4,1992.5,241830.0,1192470.0,1434300.0,1511752.2,1227.2,2057.4,1834.4,1.3,0.0,5.3,0.0,841.8829854246612,3501.0,1167.0
0,Beacon Hill,953.6,1895.2,1992.5,97940.0,971710.0,1069650.0,1127411.1,953.6,1201.2,1153.7,2.4,0.2,2.0,0.0,942.9911710253616,3501.0,1167.0
0,Beacon Hill,501.4,1880.4,1796.5,177100.0,671740.0,848840.0,894677.4,501.4,1166.2,926.1,0.6,0.0,4.3,0.0,928.2677254578564,3501.0,1167.0
0,Beacon Hill,803.1,1885.7,1990.8,204460.0,667910.0,872370.0,919477.9,803.1,2218.6,1874.7,0.2,-0.3,3.3,0.0,927.9791267283366,3501.0,1167.0
0,Beacon Hill,1060.6,1904.1,1803.2,245230.0,1291270.0,1536500.0,1619471.0,1060.6,1938.1,1589.9,1.9,0.8,2.5,0.0,885.707485676399,3501.0,1167.0
0,Beacon Hill,1277.3,1881.5,1798.2,180790.0,1304070.0,1484860.0,1764084.5,1277.3,2023.8,1750.1,0.5,0.3,2.3,0.0,872.6535777210462,3501.0,1167.0
0,Beacon Hill,1217.4,1865.3,1795.4,840040.0,2130782.2,2970822.2,3131246.7,1217.4,2795.5,2377.2,0.1,0.3,5.5,0.0,955.8550346370694,3501.0,1167.0
0,Beacon Hill,1186.8,1893.9,1789.0,286010.0,1181380.0,1467390.0,1546629.2,1186.8,2087.8,1786.3,1.8,0.0,4.0,0.0,796.7674777184702,3501.0,1167.0
0,Beacon Hill,1191.0,1888.3,1398.8,264250.0,1374240.0,1638490.0,1726968.6,1191.0,2090.3,1785.9,1.2,0.6,3.8,0.0,891.2037324912924,3501.0,1167.0
0,Beacon Hill,987.3,1860.5,1781.9,202440.0,1082310.0,1284750.0,1354126.6,987.3,1576.6,1470.0,1.9,0.0,3.6,0.0,895.2986030180739,3501.0,1167.0
0,Beacon Hill,1038.2,1880.1,1607.5,841872.7,1740480.5,2582353.2,2721800.5,1038.2,3197.5,2510.9,-1.0,0.6,3.8,0.0,810.0361122973898,3501.0,1167.0
0,Beacon Hill,1702.4,1902.5,1804.3,538400.0,2165370.0,2703770.0,2849773.6,1702.4,3466.9,2833.7,-0.2,0.5,2.8,0.0,870.8328984491636,3501.0,1167.0
0,Beacon Hill,1278.0,1854.9,1998.3,0.0,1036483.2,1036483.2,1092453.6,1278.0,1278.0,1278.0,2.1,0.9,0.7,0.0,814.6390265556322,3501.0,1167.0
0,Beacon Hill,1686.2,1863.0,1991.5,196600.0,1815088.0,2011688.0,2120319.1,1686.2,2340.4,2122.5,1.9,0.7,1.5,0.0,876.8286857101115,3501.0,1167.0
0,Beacon Hill,1571.1,1890.9,1792.0,174750.0,1248870.0,1423620.0,1230450.2,1571.1,1785.7,1729.3,2.6,0.3,3.5,0.1,879.3655244481639,3501.0,1167.0
0,Beacon Hill,1840.9,1879.9,1985.2,191230.0,2334916.2,2526146.2,2662558.1,1840.9,2467.2,2283.4,1.6,0.5,2.6,0.0,1050.8042748097484,3501.0,1167.0
0,Beacon Hill,1507.3,1889.2,1987.8,180660.0,1846870.0,2027530.0,2137016.6,1507.3,2590.2,2351.7,2.4,0.1,5.3,0.0,997.9986155382427,3501.0,1167.0
0,Beacon Hill,599.8,1899.0,2004.3,0.0,605610.0,605610.0,638312.9,599.8,599.8,599.8,3.0,0.1,6.0,0.0,1027.4941991355422,3501.0,1167.0
0,Beacon Hill,929.8,1870.7,1996.5,0.0,901350.0,901350.0,950023.0,929.8,929.8,929.8,1.6,0.2,6.0,0.0,938.5159960364829,3501.0,1167.0
0,Beacon Hill,1532.4,1862.9,1989.8,293970.0,1206480.0,1500450.0,1581474.4,1532.4,2729.0,2395.7,1.5,-0.1,4.1,0.0,787.6216282987455,3501.0,1167.0
0,Beacon Hill,6370.111111111111,1883.4,1999.7,2359470.0,3870100.0,6229570.0,5098341.6,6370.111111111111,10432.3,8115.0,-1.0,-0.6,-0.1,0.2,956.7563128833763,3501.0,1167.0
0,Beacon Hill,1366.1,1878.0,1998.2,639630.0,2822263.0,3461893.0,3648835.3,1366.1,2447.1,2089.9,0.6,0.8,3.0,0.0,1575.1701313789035,3501.0,1167.0
0,Beacon Hill,2191.1,1895.6,2002.5,2670290.0,6250322.2,8920612.2,9402325.4,2191.1,6770.3,5326.0,-0.6,0.6,3.6,0.0,1343.6786145715694,3501.0,1167.0
0,Beacon Hill,1881.1,1873.5,2004.8,2302080.0,4586160.0,6888240.0,7260205.1,1881.1,5910.9,4614.4,0.2,0.6,4.5,0.0,1139.7884596717552,3501.0,1167.0
0,Beacon Hill,1401.0,1699.7,1801.9,429200.0,1623907.0,2053107.0,2320070.6,1401.0,2758.4,2364.8,0.5,0.3,3.1,0.0,108759.23351147064,3501.0,1167.0
0,Beacon Hill,776.6,1920.0,1985.7,0.0,814349.1,814349.1,858324.0,776.6,776.6,776.6,1.5,0.0,6.0,0.0,1061.5052293141184,3501.0,1167.0
0,Beacon Hill,821.8,1911.0,1996.3,191150.0,1066050.0,1257200.0,1325088.9,821.8,1320.9,1131.2,0.7,0.3,5.5,0.0,1034.9343776340704,3501.0,1167.0
0,Beacon Hill,1300.0,1881.75,1991.75,988450.0,1380700.0,2369150.0,3950440.75,1300.0,4388.5,3363.25,-1.0,-0.5,0.75,0.0,562.4093321410355,3501.0,1167.0
0,Back Bay,2057.2,1944.9,1987.2,168750.0,1966514.2,2135264.2,2766573.6,2057.2,2822.1,2547.4,2.6,0.8,5.3,0.0,1053.2798829342983,7221.0,2407.0
0,Back Bay,1746.6,1931.3,1991.0,862780.0,3143900.0,4006680.0,4223040.8,1746.6,6443.6,5941.6,2.0,0.1,5.3,0.0,907.4789342632772,7221.0,2407.0
0,Back Bay,1196.7,1930.0,1989.6,0.0,1129060.0,1129060.0,1190029.3,1196.7,1196.7,1196.7,2.7,0.1,6.0,0.0,938.0738870740608,7221.0,2407.0
0,Back Bay,1202.2,1930.0,1992.7,0.0,1182420.0,1182420.0,1246270.9,1202.2,1202.2,1202.2,2.4,0.0,6.0,0.0,974.7000390387614,7221.0,2407.0
0,Back Bay,1578.6,1915.0,2007.0,0.0,1823164.0,1823164.0,1921615.0,1578.6,1578.6,1578.6,2.7,0.2,4.1,0.0,1085.2621033841474,7221.0,2407.0
0,Back Bay,1713.2,1888.0,2009.5,0.0,2001559.0,2001559.0,2109643.3,1713.2,1713.2,1713.2,1.8,1.0,2.1,0.0,1127.9141416272066,7221.0,2407.0
0,Back Bay,1957.9,1880.9,1784.9,307970.0,1899947.4,2207917.4,2327145.1,1957.9,3077.0,2741.0,1.9,0.4,3.6,0.0,925.7496306776744,7221.0,2407.0
0,Back Bay,1992.3,1895.8,2005.9,135620.0,2417316.8,2552936.8,2690795.5,1992.3,2810.5,2577.9,1.2,0.6,3.3,0.0,1177.3542415400213,7221.0,2407.0
0,Back Bay,1941.1666666666667,1136.4,1206.6,0.0,1471890.0,1471890.0,1551372.1,1941.1666666666667,1164.7,1164.7,0.2,0.2,1.7,0.0,20545.11876405278,7221.0,2407.0
0,Back Bay,1915.1,1883.8,1796.3,135650.0,2008510.0,2144160.0,2259944.7,1915.1,2756.8,2490.1,1.4,0.3,3.3,0.0,1029.5617377402775,7221.0,2407.0
0,Back Bay,929.4,1909.0,1988.5,205220.0,1395510.0,1600730.0,1687169.6,929.4,1375.8,1303.4,1.9,1.0,3.4,0.0,1044.6690399828171,7221.0,2407.0
0,Back Bay,977.7,1905.0,1994.4,0.0,1005290.0,1005290.0,1059575.9,977.7,977.7,977.7,2.1,0.8,4.4,0.0,1058.3302915215222,7221.0,2407.0
0,Back Bay,882.9,1885.0,2001.6,0.0,778930.0,778930.0,820992.3,882.9,882.9,882.9,0.9,0.0,5.5,0.0,900.8141327671152,7221.0,2407.0
0,Back Bay,973.8,1885.0,1999.0,0.0,898630.0,898630.0,947156.1,973.8,973.8,973.8,1.3,0.4,3.5,0.0,914.122050012277,7221.0,2407.0
0,Back Bay,859.3,1889.2,1997.3,0.0,744930.0,744930.0,785156.3,859.3,859.3,859.3,0.4,0.1,5.0,0.0,874.8431280701304,7221.0,2407.0
0,Back Bay,1234.7,1900.2,1997.5,276260.0,864490.0,1140750.0,1202350.6,1234.7,3014.5,2515.2,0.0,-0.3,3.9,0.0,747.0419320198587,7221.0,2407.0
0,Back Bay,1510.5,1885.0,1987.3,0.0,1411558.6,1411558.6,1487783.0,1510.5,1510.5,1510.5,2.1,1.0,4.0,0.0,926.4214568802388,7221.0,2407.0
0,Back Bay,871.8,1881.5,1993.0,0.0,779580.0,779580.0,821677.4,871.8,871.8,871.8,1.5,0.3,5.4,0.0,897.5456613061482,7221.0,2407.0
0,Back Bay,646.7,1881.9,1990.8,0.0,588910.0,588910.0,620711.3,646.7,651.5,651.5,0.3,0.1,2.0,0.0,908.6562331366455,7221.0,2407.0
0,Back Bay,704.4,1877.1,1987.7,0.0,656890.0,656890.0,692362.2,704.4,704.4,704.4,2.4,0.0,4.4,0.0,940.1337222712009,7221.0,2407.0
0,Back Bay,686.2,1885.0,1987.5,0.0,644540.0,644540.0,679345.3,686.2,686.2,686.2,2.7,0.0,6.0,0.0,952.0986436193164,7221.0,2407.0
0,Back Bay,1247.0,1883.2,1994.5,0.0,1505465.4,1505465.4,1586760.7,1247.0,1247.0,1247.0,2.1,0.3,6.0,0.0,1058.4032082011781,7221.0,2407.0
0,Back Bay,666.4,1874.4,1970.0,0.0,643010.0,643010.0,677732.6,666.4,666.4,666.4,1.5,0.0,6.0,0.0,966.6328968523682,7221.0,2407.0
0,Back Bay,950.5,1885.4,1985.8,0.0,930080.0,930080.0,980304.3,950.5,950.5,950.5,2.4,0.8,4.4,0.0,1006.5295354323865,7221.0,2407.0
0,Back Bay,1016.9,1887.8,1986.5,0.0,883710.0,883710.0,931430.4,1016.9,1016.9,1016.9,1.5,0.6,5.4,0.0,859.7918850933181,7221.0,2407.0
0,Back Bay,406.5,1886.0,1985.6,0.0,410720.0,410720.0,432899.1,406.5,406.5,406.5,3.0,0.0,6.0,0.0,1049.899317231022,7221.0,2407.0
0,Back Bay,559.6,1881.8,1985.7,0.0,501890.0,501890.0,528992.2,559.6,559.6,559.6,0.9,0.0,6.0,0.0,927.4331880220645,7221.0,2407.0
0,Back Bay,714.5,1880.0,1956.7,0.0,631370.0,631370.0,665464.1,714.5,714.5,714.5,0.3,0.0,6.0,0.0,893.2008406432748,7221.0,2407.0
0,Back Bay,714.5,1880.0,1955.6,0.0,592770.0,592770.0,624779.7,714.5,714.5,714.5,0.3,0.0,6.0,0.0,842.9616228070174,7221.0,2407.0
0,Back Bay,648.0,1888.5,1968.2,0.0,588690.0,588690.0,620479.3,648.0,648.0,648.0,1.5,0.0,6.0,0.0,920.1673439483845,7221.0,2407.0
0,Back Bay,1122.5,1897.0,1988.2,0.0,1021940.0,1021940.0,1077124.8,1122.5,1122.5,1122.5,3.0,0.0,6.0,0.0,908.9845836029157,7221.0,2407.0
0,Back Bay,772.0,1876.2,1985.3,0.0,754500.0,754500.0,795243.2,772.0,772.0,772.0,3.0,0.8,4.4,0.0,979.3465395583441,7221.0,2407.0
0,Back Bay,478.2,1858.4,1983.1,0.0,504010.0,504010.0,531226.6,478.2,507.7,490.0,1.9,0.4,2.2,0.0,1005.2594063879045,7221.0,2407.0
0,Back Bay,732.4,1894.5,1986.7,0.0,700810.0,700810.0,738653.7,732.4,732.4,732.4,1.8,0.1,3.5,0.0,970.4198660179393,7221.0,2407.0
0,Back Bay,925.1,1939.0,1785.8,0.0,833730.0,833730.0,878751.6,925.1,925.1,925.1,0.9,0.6,6.0,0.0,901.8404195007894,7221.0,2407.0
0,Back Bay,1004.8,1927.2,1985.3,0.0,951200.0,951200.0,1002564.8,1004.8,1004.8,1004.8,2.1,0.9,5.5,0.0,943.1699051955982,7221.0,2407.0
0,Back Bay,1081.8,1891.7,1979.8,0.0,1099020.0,1099020.0,1158367.1,1081.8,1081.8,1081.8,1.2,0.3,5.1,0.0,957.1910200912777,7221.0,2407.0
0,Back Bay,1288.8,1908.9,1790.5,371880.0,971620.0,1343500.0,1621019.6,1288.8,2255.8,1964.3,1.2,0.3,2.5,0.0,768.3804887095954,7221.0,2407.0
0,Back Bay,691.0,1919.0,1990.8,98130.0,746480.0,844610.0,890219.0,691.0,1226.8,1099.8,1.1,-0.1,5.3,0.0,894.0472099511726,7221.0,2407.0
0,Back Bay,1550.0,1900.0,1397.2,248480.0,1427380.0,1675860.0,1766356.5,1550.0,2524.0,2292.6,0.7,0.2,4.6,0.0,851.1409153887525,7221.0,2407.0
0,Back Bay,1524.6,1885.5,1996.4,126998.8,1746090.8,1873089.6,1974236.6,1524.6,2021.5,1966.3,1.4,0.8,5.0,0.0,969.6418843931036,7221.0,2407.0
0,Back Bay,439.5,1910.0,1985.0,0.0,409140.0,409140.0,431233.6,439.5,439.5,439.5,0.0,0.0,6.0,0.0,943.7389286809251,7221.0,2407.0
0,Back Bay,1696.5,1918.0,1792.1,612820.0,1111270.0,1724090.0,1817190.9,1696.5,5281.7,4341.8,-0.1,-0.6,1.8,0.0,533.473047334967,7221.0,2407.0
0,Back Bay,745.3,1910.0,1989.3,0.0,732940.0,732940.0,772518.7,745.3,745.3,745.3,2.7,0.0,6.0,0.0,995.9945551011879,7221.0,2407.0
0,Back Bay,597.5,1904.0,1990.1,0.0,558260.0,558260.0,588406.0,597.5,597.5,597.5,2.4,0.2,5.0,0.0,955.7904312747687,7221.0,2407.0
0,Back Bay,1161.1,1883.7,1993.4,155440.0,1219730.0,1375170.0,1041921.3,1161.1,1805.5,1633.4,1.7,0.2,1.4,0.1,1020.8166903917916,7221.0,2407.0
0,Back Bay,1753.0,1883.0,1993.4,216835.2,2232751.8,2449587.0,2581864.6,1753.0,2088.3,2042.4,2.0,0.8,3.6,0.0,1098.0873654400723,7221.0,2407.0
0,Back Bay,1130.3,1871.0,1990.7,0.0,1177000.0,1177000.0,1240558.0,1130.3,1130.3,1130.3,1.8,0.6,4.9,0.0,1018.3161168874643,7221.0,2407.0
0,Back Bay,705.6666666666666,1692.0,1790.7,0.0,648264.5,648264.5,683271.0,705.6666666666666,635.1,635.1,1.4,0.0,4.3,0.0,21894.267432559816,7221.0,2407.0
0,Back Bay,649.6,1877.6,1980.2,0.0,693970.0,693970.0,731444.3,649.6,649.6,649.6,1.7,0.0,5.0,0.0,1061.6256306420958,7221.0,2407.0
0,Back Bay,1095.0,1878.9,1779.3,90980.0,969930.3,1060910.3,1118199.5,1095.0,1628.2,1467.8,1.8,0.1,1.9,0.0,935.6703061230543,7221.0,2407.0
0,Back Bay,1261.5,1889.3,1983.1,0.0,1321685.4,1321685.4,1393056.5,1261.5,1261.5,1261.5,3.0,0.4,1.9,0.0,982.0355179962002,7221.0,2407.0
0,Back Bay,666.7,1880.9,2001.0,0.0,662600.0,662600.0,698380.5,666.7,666.7,666.7,2.2,0.2,6.0,0.0,996.610680835782,7221.0,2407.0
0,Back Bay,706.2,1880.0,1990.7,0.0,702660.0,702660.0,740603.7,706.2,706.2,706.2,3.0,0.0,6.0,0.0,995.8406904418218,7221.0,2407.0
0,Back Bay,1355.7,1910.0,1993.3,0.0,1507380.0,1507380.0,1588778.6,1355.7,1355.7,1355.7,2.0,0.5,6.0,0.0,1072.2591502950322,7221.0,2407.0
0,Back Bay,1872.2,1915.9,2006.2,88240.0,2291810.0,2380050.0,2508572.7,1872.2,2201.6,2109.2,1.2,0.7,2.8,0.0,1137.1235014612296,7221.0,2407.0
0,Back Bay,1467.3,1902.1,2001.0,158240.0,1328910.0,1487150.0,1567456.2,1467.3,2753.9,2464.8,1.8,0.0,3.1,0.0,811.8158088539506,7221.0,2407.0
0,Back Bay,964.3,1903.0,2002.0,0.0,987930.0,987930.0,1041278.3,964.3,964.3,964.3,2.8,0.4,5.2,0.0,1019.5095071721914,7221.0,2407.0
0,Back Bay,745.1,1905.0,2006.0,0.0,742520.0,742520.0,782616.1,745.1,744.7,744.7,3.0,1.0,1.0,0.0,1039.1909950196487,7221.0,2407.0
0,Back Bay,1591.7,1714.5,1806.3,218940.0,1881070.0,2100010.0,2213410.5,1591.7,2555.2,2310.2,1.2,0.4,0.4,0.0,17983.256780490035,7221.0,2407.0
0,Back Bay,997.8,1903.0,1981.1,0.0,642650.0,642650.0,677353.1,997.8,997.8,997.8,1.0,0.3,5.2,0.0,620.9583879607576,7221.0,2407.0
0,Back Bay,1431.7,1901.5,2000.4,72990.0,1345270.0,1418260.0,1494846.1,1431.7,2065.1,1948.1,2.1,0.6,2.3,0.0,910.40914311962,7221.0,2407.0
0,Back Bay,565.2,1918.0,1984.7,0.0,540500.0,540500.0,569687.2,565.2,565.2,565.2,1.2,0.1,5.4,0.0,947.4534099102706,7221.0,2407.0
0,Back Bay,507.1,1920.0,1984.1,0.0,457650.0,457650.0,482363.2,507.1,507.1,507.1,0.6,0.0,6.0,0.0,908.0450597337734,7221.0,2407.0
0,Back Bay,478.3,1915.0,1980.7,0.0,444960.0,444960.0,468988.1,478.3,478.3,478.3,1.8,0.0,6.0,0.0,944.3034438078669,7221.0,2407.0
0,Back Bay,649.4,1913.0,1785.4,0.0,610990.5,610990.5,643984.2,649.4,642.2,642.2,2.2,0.0,6.0,0.0,954.5175376790179,7221.0,2407.0
0,Back Bay,538.8,1905.0,1786.0,0.0,509970.0,509970.0,537508.5,538.8,538.8,538.8,2.1,0.1,6.0,0.0,956.2200883906975,7221.0,2407.0
0,Back Bay,826.8,1894.4,1597.5,265160.0,900630.0,1165790.0,1228742.7,826.8,1852.6,1683.8,1.9,0.0,5.3,0.0,865.2493635658177,7221.0,2407.0
0,Back Bay,1219.5,1904.5,1790.5,0.0,1158540.0,1158540.0,1221101.3,1219.5,1219.5,1219.5,2.4,0.7,4.0,0.0,949.9839508113686,7221.0,2407.0
0,Back Bay,1464.3,1902.5,1197.6,0.0,1542310.0,1542310.0,1625594.9,1464.3,1464.3,1464.3,2.4,0.9,4.6,0.0,1018.4868190228677,7221.0,2407.0
0,Back Bay,1796.4,1882.3,1598.7,487000.0,1417010.0,1904010.0,1465998.2,1796.4,3788.1,3197.1,0.9,-0.1,3.9,0.2,765.0198343996947,7221.0,2407.0
0,Back Bay,1749.2,1867.4,1801.1,575450.0,1930020.0,2505470.0,2640765.6,1749.2,3379.5,2932.6,1.2,0.0,4.8,0.0,916.6472057944418,7221.0,2407.0
0,East Boston,2135.6,1893.9,1196.9,107693.6,427477.6,535171.2,564070.6,2135.6,3869.5,2701.5,-1.0,0.1,5.9,0.0,140.9516248545783,7199.0,2399.0
0,East Boston,1745.0,1892.1,799.8,103300.0,414880.0,518180.0,546161.8,1745.0,3553.7,2555.0,-1.0,0.1,5.3,0.0,149.61960280638834,7199.0,2399.0
0,East Boston,2008.6,1888.0,201.6,80320.0,307340.0,387660.0,408593.7,2008.6,2889.4,1925.4,-0.7,0.0,6.0,0.0,177.11210974763017,7199.0,2399.0
0,East Boston,2300.0,1878.2,1402.4,120871.0,420689.5,541560.5,570804.8,2300.0,3746.9,2618.6,-1.0,0.1,4.9,0.0,147.2744406251946,7199.0,2399.0
0,East Boston,1351.2,1910.2,796.5,84890.0,353360.0,438250.0,461915.8,1351.2,2584.0,1757.5,-0.2,0.2,3.8,0.0,235.75580742764276,7199.0,2399.0
0,East Boston,2210.8,1914.4,800.7,98990.0,384299.1,483289.1,509386.7,2210.8,2941.2,2153.6,-0.2,0.2,5.0,0.0,204.4648460775382,7199.0,2399.0
0,East Boston,2054.0,1890.9,1206.7,97898.0,426550.4,524448.4,552768.7,2054.0,3236.8,2383.1,-0.6,0.1,3.8,0.0,178.78354989237826,7199.0,2399.0
0,East Boston,4401.6,1893.7,1196.2,161930.0,639340.0,801270.0,844538.8,4401.6,8247.3,6088.1,-0.4,0.0,1.9,0.0,184.64411529204853,7199.0,2399.0
0,East Boston,1897.9,1895.1,803.8,79399.9,362866.3,442266.2,466148.7,1897.9,2715.7,2013.9,0.6,0.1,3.4,0.0,228.5073530053459,7199.0,2399.0
0,East Boston,1522.5,1907.1,806.0,99169.6,405438.8,504608.4,564753.7,1522.5,2875.7,1991.9,-0.6,0.2,3.7,0.0,193.80708133423354,7199.0,2399.0
0,East Boston,2347.5,1890.4,798.1,142780.0,394730.0,537510.0,566535.7,2347.5,3649.0,2416.0,-1.0,-0.1,4.7,0.0,150.23836969910954,7199.0,2399.0
0,East Boston,1567.9,1899.9,1200.3,102460.0,405690.0,508150.0,535590.3,1567.9,3281.4,2122.4,-0.8,0.1,4.5,0.0,188.65779524595735,7199.0,2399.0
0,East Boston,2682.1,1902.9,1401.2,140207.9,516333.2,656541.1,538795.5,2682.1,5250.9,3726.4,-0.8,-0.2,3.6,0.1,168.3957449309422,7199.0,2399.0
0,East Boston,3580.0,1902.0,403.3,155414.6,432113.6,587528.2,672250.6,3580.0,4472.3,3115.7,-1.0,0.1,4.3,0.0,151.04925423585266,7199.0,2399.0
0,East Boston,1914.3,1885.0,799.2,121110.0,364470.0,485580.0,511801.3,1914.3,3183.4,2258.8,-0.9,0.2,5.5,0.0,155.7970951016489,7199.0,2399.0
0,East Boston,2668.1,1897.2,1004.2,118400.0,288270.0,406670.0,428630.3,2668.1,2203.9,1453.0,-0.8,0.0,6.0,0.0,210.63144601041662,7199.0,2399.0
0,East Boston,2242.9,1711.5,997.1,140990.0,383340.0,524330.0,552644.0,2242.9,3539.3,2330.0,-1.0,-0.2,3.1,0.0,4406.148502044642,7199.0,2399.0
0,East Boston,1472.7,1565.8,1209.6,59970.0,359410.0,419380.0,442026.7,1472.7,1862.1,1330.4,-0.2,0.2,2.6,0.0,3997.0753478828665,7199.0,2399.0
0,East Boston,2557.1,1898.4,1002.9,145650.0,353030.0,498680.0,525608.9,2557.1,3603.0,2346.2,-1.0,0.0,5.5,0.0,140.44275220528297,7199.0,2399.0
0,East Boston,1222.7,1907.0,1590.6,39380.0,263180.0,302560.0,318898.1,1222.7,1723.5,1321.0,-0.3,0.0,6.0,0.0,239.29056303413185,7199.0,2399.0
0,East Boston,1372.5,1898.4,1001.2,121390.0,338600.0,459990.0,510857.5,1372.5,2858.1,1870.7,-1.0,0.1,3.6,0.0,167.1743930529827,7199.0,2399.0
0,East Boston,1833.8,1887.0,1802.2,82388.4,316097.5,398485.9,420004.3,1833.8,2430.5,1674.2,0.4,0.1,6.0,0.0,197.22963774116573,7199.0,2399.0
0,East Boston,2500.0,1897.0,201.7,144364.2,327813.8,472178.0,497675.8,2500.0,3700.1,2314.2,-1.0,0.0,6.0,0.0,129.18576471604518,7199.0,2399.0
0,East Boston,1424.0,1900.4,1400.9,113010.0,322145.0,435155.0,486688.0,1424.0,2911.6,1988.6,-1.0,-0.1,4.2,0.0,151.87575755344508,7199.0,2399.0
0,East Boston,2750.0,1896.9,1402.1,154030.0,395900.0,549930.0,579626.4,2750.0,3376.6,2356.6,-1.0,0.0,3.1,0.0,164.47719409231533,7199.0,2399.0
0,East Boston,2660.0,1893.9,599.6,150180.0,375090.0,525270.0,553634.8,2660.0,3682.1,2562.7,-1.0,0.1,5.3,0.0,142.36544610203515,7199.0,2399.0
0,East Boston,1615.5,1889.7,801.9,92350.0,328170.0,420520.0,443228.1,1615.5,2797.0,1784.5,0.2,0.3,4.5,0.0,205.82552442282508,7199.0,2399.0
0,East Boston,3564.6,1885.5,803.3,175610.0,412990.0,588600.0,620384.5,3564.6,3984.3,2745.9,-1.0,0.2,4.9,0.0,151.9383088012976,7199.0,2399.0
0,East Boston,1944.4,1893.5,1602.0,137200.0,444740.0,581940.0,636686.0,1944.4,4262.8,2994.6,-1.0,-0.1,3.7,0.0,139.14589889282422,7199.0,2399.0
0,East Boston,1966.6,1927.1,1203.1,108290.0,388570.0,496860.0,523690.4,1966.6,3130.5,2247.4,0.2,-0.1,4.6,0.0,275.5713285982737,7199.0,2399.0
0,East Boston,1796.6,1894.0,1205.3,101320.0,452560.0,553880.0,583789.6,1796.6,3687.1,2683.2,0.2,0.4,3.7,0.0,206.0282643318923,7199.0,2399.0
0,East Boston,1862.9,1878.0,395.0,125720.0,308060.0,433780.0,457204.2,1862.9,3210.0,1998.0,-1.0,-0.1,5.1,0.0,136.1402723349791,7199.0,2399.0
0,East Boston,2115.5,1895.0,803.2,91620.0,416970.0,508590.0,536054.0,2115.5,3078.1,2255.0,0.6,0.5,4.9,0.0,222.58685995353326,7199.0,2399.0
0,East Boston,1512.7,1918.6,605.1,96850.0,369160.0,466010.0,491174.7,1512.7,2468.5,1846.9,0.2,0.0,4.7,0.0,276.509571762355,7199.0,2399.0
0,East Boston,974.9,1906.0,1195.7,36770.0,311900.0,348670.0,367498.4,974.9,1668.0,1289.1,0.9,0.0,5.9,0.0,276.19140735172095,7199.0,2399.0
0,East Boston,1942.4,1935.1,1206.7,107610.0,367000.0,474610.0,500239.0,1942.4,2783.8,2063.2,0.2,0.1,2.5,0.0,219.25171702247258,7199.0,2399.0
0,East Boston,1922.6,1900.0,200.0,125490.0,427360.0,552850.0,582703.9,1922.6,3449.5,2359.6,-1.0,0.1,4.8,0.0,161.16040269922442,7199.0,2399.0
0,East Boston,1796.3,1902.0,401.3,116690.0,306970.0,423660.0,446537.8,1796.3,2563.7,1668.9,-1.0,0.1,5.4,0.0,173.9865030549482,7199.0,2399.0
0,East Boston,2375.0,1901.0,399.1,131460.0,342320.0,473780.0,531300.7,2375.0,3108.1,2234.8,-1.0,-0.1,4.7,0.0,156.99988352005894,7199.0,2399.0
0,East Boston,1703.4,1899.9,1601.9,100750.0,433070.0,533820.0,562646.5,1703.4,2801.2,2121.6,0.2,0.1,2.2,0.0,230.36913599759674,7199.0,2399.0
0,East Boston,1132.4,1900.0,1597.8,54240.5,283501.5,337742.0,355980.0,1132.4,1483.6,1157.1,-0.4,0.0,5.8,0.0,288.0659767151068,7199.0,2399.0
0,East Boston,1091.9,1144.0,1203.1,59140.0,267940.0,327080.0,344742.4,1091.9,1622.4,1263.6,0.2,-0.5,2.5,0.0,6249.490739824133,7199.0,2399.0
0,East Boston,1303.3,1897.1,199.3,97120.0,257490.0,354610.0,373759.1,1303.3,2560.2,1679.0,-1.0,0.0,5.4,0.0,139.06717321022688,7199.0,2399.0
0,East Boston,1568.8,1709.2,400.5,100660.0,263070.0,363730.0,383371.6,1568.8,2448.5,1661.7,-1.0,-0.1,4.3,0.0,2264.5411016848925,7199.0,2399.0
0,East Boston,2486.9,1899.9,1400.2,122360.0,402280.0,524640.0,552970.7,2486.9,3558.4,2616.4,-0.7,-0.2,3.9,0.0,172.42626127659463,7199.0,2399.0
0,East Boston,2466.2,1903.0,998.1,155710.0,387290.0,543000.0,594176.9,2466.2,4231.2,2924.5,-1.0,-0.1,5.3,0.0,136.77490897718616,7199.0,2399.0
0,East Boston,1830.1,1899.6,1197.3,111520.0,351070.0,462590.0,487569.8,1830.1,2902.4,2098.8,-0.7,0.0,2.9,0.0,219.34663249522836,7199.0,2399.0
0,East Boston,2375.0,1899.9,1001.5,161280.0,440560.0,601840.0,634339.4,2375.0,4162.3,2827.8,-1.0,0.0,4.3,0.0,148.29698530694967,7199.0,2399.0
0,East Boston,1856.5,1903.4,1202.2,103830.0,382920.0,486750.0,513034.6,1856.5,3109.1,2342.6,-0.7,0.1,3.6,0.0,185.51883998895175,7199.0,2399.0
0,East Boston,1788.3,1896.1,998.3,90410.0,304120.0,394530.0,415834.7,1788.3,2752.4,1825.9,-0.3,0.0,4.6,0.0,185.00316343111234,7199.0,2399.0
0,East Boston,3481.1,1894.2,599.9,161823.6,314284.0,476107.6,513390.2,3481.1,3872.7,2592.8,-1.0,-0.1,4.7,0.0,132.93612573792726,7199.0,2399.0
0,East Boston,2129.9,1917.1,1198.3,132632.6,394600.6,527233.2,555704.0,2129.9,4604.3,3445.3,-1.0,0.0,5.2,0.0,137.47033965272053,7199.0,2399.0
0,East Boston,3329.6,1915.3,401.2,172640.0,439900.0,612540.0,645617.3,3329.6,3895.1,2897.9,-1.0,0.2,4.5,0.0,158.2757630158713,7199.0,2399.0
0,East Boston,3552.2,1899.9,797.1,168860.0,493110.0,661970.0,697716.5,3552.2,4936.5,3329.6,-1.0,-0.1,5.3,0.0,135.00541533557137,7199.0,2399.0
0,East Boston,1246.2,2004.7,1613.6,29500.0,364640.0,394140.0,415423.6,1246.2,1364.8,1083.4,0.6,0.9,1.3,0.0,425.6818184499054,7199.0,2399.0
0,East Boston,2825.9,1906.4,600.3,137440.0,390340.0,527780.0,556280.1,2825.9,3812.4,2509.1,-1.0,0.0,5.0,0.0,140.5270703717976,7199.0,2399.0
0,East Boston,2560.5,1939.0,602.9,112290.0,437740.0,550030.0,579731.8,2560.5,3452.2,2750.3,-0.7,0.1,3.1,0.0,175.67423355680995,7199.0,2399.0
0,East Boston,1829.5,1907.5,603.9,129070.0,355690.0,484760.0,510937.1,1829.5,2791.1,1984.5,-1.0,0.2,4.5,0.0,182.51474207174644,7199.0,2399.0
0,East Boston,3102.7,1910.9,998.9,157816.5,412184.0,570000.5,600780.6,3102.7,3777.8,2517.5,-1.0,-0.1,4.8,0.0,151.71032149096746,7199.0,2399.0
0,East Boston,1819.6,1911.0,601.6,94474.0,373525.0,467999.0,493270.9,1819.6,3225.9,2249.1,0.2,0.0,5.9,0.0,172.17723320040824,7199.0,2399.0
0,East Boston,1874.6,1904.0,200.0,107260.0,365530.0,472790.0,498320.8,1874.6,3551.0,2280.8,-1.0,0.0,5.5,0.0,136.12711337078022,7199.0,2399.0
0,East Boston,3357.1,1727.1,599.3,141832.8,203259.8,345092.6,495270.4,3357.1,2091.0,1752.2,-1.0,-0.3,2.1,0.0,2394.193517618195,7199.0,2399.0
0,East Boston,4339.0,1932.3,602.6,138300.0,203740.0,342040.0,580013.1,4339.0,2903.0,2402.9,-1.0,-0.6,1.1,0.0,120.62262595532756,7199.0,2399.0
0,East Boston,2336.1,1900.0,402.8,119855.4,353502.2,473357.6,498918.9,2336.1,4029.9,2811.0,-1.0,0.1,4.4,0.0,118.14178023980223,7199.0,2399.0
0,East Boston,2598.5,1901.6,798.3,133450.0,418990.0,552440.0,582271.9,2598.5,4360.1,3049.0,-1.0,0.0,4.0,0.0,126.5390578553297,7199.0,2399.0
0,East Boston,1567.8,1970.5,596.1,84990.0,420640.0,505630.0,532934.2,1567.8,2814.7,2012.3,0.2,0.5,2.8,0.0,277.15523213296376,7199.0,2399.0
0,East Boston,3496.8,1916.2,801.7,143660.0,360580.0,504240.0,470930.3,3496.8,3654.0,2180.3,-1.0,-0.1,3.6,0.1,136.58072773169448,7199.0,2399.0
0,East Boston,1613.9,1941.9,600.4,39302.9,388215.3,427518.2,463914.2,1613.9,1983.2,1700.0,1.5,0.1,2.3,0.0,383.81278919177345,7199.0,2399.0
0,East Boston,2723.8,1927.1,603.5,126978.8,443150.0,570128.8,600915.9,2723.8,3537.9,2639.6,-0.2,0.0,3.6,0.0,201.87780131745657,7199.0,2399.0
0,East Boston,2362.0,1904.0,804.4,126230.0,449730.0,575960.0,607062.1,2362.0,4833.9,3227.1,-1.0,0.0,6.0,0.0,120.06047190419554,7199.0,2399.0
0,East Boston,3598.7,1934.7,599.0,117860.0,417180.0,535040.0,563932.3,3598.7,3719.7,2693.8,-0.3,-0.2,1.6,0.0,196.17940155400257,7199.0,2399.0
0,Charlestown,1073.1,1932.9,1602.9,22310.0,589680.0,611990.0,645037.5,1073.1,1183.1,1118.7,1.5,0.3,3.5,0.0,557.9006136392783,5406.0,1802.0
0,Charlestown,1735.4,1879.0,1404.8,197590.0,708310.5,905900.5,954819.3,1735.4,2529.9,1865.1,-0.2,0.3,4.5,0.0,394.20696185843,5406.0,1802.0
0,Charlestown,1739.3,1873.4,1205.2,212690.0,622580.0,835270.0,880374.7,1739.3,2573.7,1629.0,-1.0,0.3,5.0,0.0,326.93928462957547,5406.0,1802.0
0,Charlestown,2084.9,1945.9,1003.7,48170.0,789680.0,837850.0,883094.1,2084.9,1813.5,1706.9,2.2,0.9,1.9,0.0,473.7288514859095,5406.0,1802.0
0,Charlestown,800.9,1888.0,2008.0,70990.0,474980.0,545970.0,575452.7,800.9,1097.7,936.5,1.4,0.4,2.8,0.0,544.1128317857183,5406.0,1802.0
0,Charlestown,2019.2,1910.0,1201.8,199960.0,613540.0,813500.0,857429.3,2019.2,2611.0,1870.4,0.2,0.1,4.5,0.0,359.2980598166761,5406.0,1802.0
0,Charlestown,2061.8,1924.7,1406.0,147010.0,703960.0,850970.0,896922.6,2061.8,2015.7,1502.2,1.0,0.7,2.5,0.0,470.7963572872266,5406.0,1802.0
0,Charlestown,2404.2,1987.9,402.8,92040.0,768500.0,860540.0,907009.3,2404.2,2382.1,1877.9,1.4,0.9,2.0,0.0,437.35215091118954,5406.0,1802.0
0,Charlestown,1461.9,1967.4,598.5,143026.0,607970.5,750996.5,791550.5,1461.9,2309.7,1672.6,0.2,0.6,2.5,0.0,368.5551203110736,5406.0,1802.0
0,Charlestown,680.7,1931.5,1005.1,0.0,426280.0,426280.0,449299.3,680.7,680.7,680.7,0.6,0.1,6.0,0.0,630.3734421216178,5406.0,1802.0
0,Charlestown,11521.3,1753.0,1796.7,233000.0,669863.5,902863.5,706036.2,11521.3,1528.9,1433.9,2.3,0.2,1.8,0.1,233419.7864076873,5406.0,1802.0
0,Charlestown,2081.3,1986.2,1800.7,18620.0,798252.5,816872.5,860983.8,2081.3,2174.7,1907.1,2.0,0.5,1.5,0.0,374.40193930387886,5406.0,1802.0
0,Charlestown,1181.9,1921.6,800.9,141360.0,628790.0,770150.0,811738.4,1181.9,1759.1,1382.1,-0.2,0.7,3.0,0.0,437.44800053460597,5406.0,1802.0
0,Charlestown,1722.6,1902.4,1203.9,180750.0,514030.0,694780.0,646695.5,1722.6,4220.5,3118.5,-0.9,-0.1,2.4,0.1,218.31931887347082,5406.0,1802.0
0,Charlestown,1688.2,1984.9,200.2,97610.0,556620.0,654230.0,689558.5,1688.2,1516.2,1178.9,0.5,0.8,2.6,0.0,477.5294647322602,5406.0,1802.0
0,Charlestown,1120.0,1916.2,600.3,124000.0,557860.0,681860.0,718680.4,1120.0,1763.9,1275.4,0.5,0.6,4.9,0.0,482.31757755718615,5406.0,1802.0
0,Charlestown,2393.6,1885.9,1403.3,224819.0,640453.0,865272.0,651384.9,2393.6,2700.1,2097.2,-0.8,0.0,3.0,0.2,783.747400362189,5406.0,1802.0
0,Charlestown,1560.4,1953.9,1206.1,179970.0,648462.0,828432.0,873167.3,1560.4,2053.2,1525.7,0.2,0.9,2.5,0.0,457.00647049094584,5406.0,1802.0
0,Charlestown,1057.7,1947.9,1203.0,50390.0,550200.0,600590.0,633022.1,1057.7,1399.1,1113.6,1.9,0.4,4.4,0.0,550.4491580503097,5406.0,1802.0
0,Charlestown,1227.9,1997.2,1201.7,87840.0,706550.0,794390.0,837287.2,1227.9,1607.6,1474.0,1.1,0.9,2.5,0.0,526.118647790939,5406.0,1802.0
0,Charlestown,1447.9,1949.0,1805.7,73750.0,650670.0,724420.0,763538.9,1447.9,1804.0,1484.3,1.5,0.7,2.0,0.0,473.83639820099313,5406.0,1802.0
0,Charlestown,1453.6,1898.2,1603.8,75270.0,612660.0,687930.0,725078.2,1453.6,1978.4,1728.5,1.8,0.5,4.4,0.0,441.308443447,5406.0,1802.0
0,Charlestown,1159.7,1865.4,1595.1,26680.0,648900.0,675580.0,712061.3,1159.7,1405.7,1324.6,2.0,0.7,3.0,0.0,521.4790961355709,5406.0,1802.0
0,Charlestown,1485.9,1683.7,2003.1,88010.0,648000.0,736010.0,775754.7,1485.9,1828.1,1539.9,1.1,0.3,5.5,0.0,427.07090920277295,5406.0,1802.0
0,Charlestown,1678.7,1985.5,1001.5,73434.7,597484.4,670919.1,707148.8,1678.7,1782.2,1490.6,1.1,0.5,3.4,0.0,422.1432039169501,5406.0,1802.0
0,Charlestown,751.8,1899.4,1605.9,112310.0,583020.0,695330.0,732878.0,751.8,1744.3,1390.8,0.2,0.8,4.5,0.0,472.8315271357962,5406.0,1802.0
0,Charlestown,1076.4,1682.5,1608.9,139400.0,591440.0,730840.0,770305.4,1076.4,2167.4,1628.1,-0.2,0.4,2.8,0.0,3167.1180223844617,5406.0,1802.0
0,Charlestown,996.3,1877.0,1401.1,146520.0,500400.0,646920.0,681853.9,996.3,2004.1,1479.6,-0.7,0.1,2.7,0.0,392.59427264813326,5406.0,1802.0
0,Charlestown,1157.9,1902.5,1607.4,71470.0,539290.0,610760.0,643741.2,1157.9,1584.0,1266.7,1.2,0.3,2.1,0.0,450.35051147778984,5406.0,1802.0
0,Charlestown,929.4,1885.5,2005.5,89880.0,542630.0,632510.0,666665.7,929.4,1578.1,1235.5,0.8,0.6,4.5,0.0,478.1594816399985,5406.0,1802.0
0,Charlestown,1174.2,1910.2,1597.1,24980.0,563230.0,588210.0,619973.5,1174.2,1432.0,1337.8,0.8,0.1,5.0,0.0,459.55985255673266,5406.0,1802.0
0,Charlestown,1988.1,1955.4,1397.8,91740.0,578366.0,670106.0,706291.7,1988.1,1582.9,1286.4,0.9,0.3,4.5,0.0,458.8960462774827,5406.0,1802.0
0,Charlestown,1362.7,1926.6,1000.2,113711.0,629310.0,743021.0,783144.3,1362.7,2496.9,2049.2,-0.2,0.1,5.0,0.0,393.28569867097286,5406.0,1802.0
0,Charlestown,1654.9,1911.8,1201.9,185769.5,552832.0,738601.5,778486.2,1654.9,2745.6,1813.7,-0.2,0.2,3.4,0.0,312.0094260101234,5406.0,1802.0
0,Charlestown,1318.1,1931.5,803.2,126570.0,613170.0,739740.0,779686.0,1318.1,1986.7,1520.5,0.3,0.7,2.5,0.0,427.3713796260572,5406.0,1802.0
0,Charlestown,1585.2,1711.6,1000.9,150230.0,399810.0,550040.0,608517.5,1585.2,1851.9,1155.9,-1.0,0.0,3.1,0.0,6106.470970029432,5406.0,1802.0
0,Charlestown,1386.5,1914.6,1205.1,169310.0,643423.5,812733.5,856621.1,1386.5,2921.3,1998.8,-0.2,0.5,3.9,0.0,329.79118188327186,5406.0,1802.0
0,Charlestown,859.9,1882.5,1996.2,57720.0,488610.0,546330.0,575831.8,859.9,1394.7,1169.5,0.7,0.2,3.8,0.0,514.8032270533083,5406.0,1802.0
0,Charlestown,1083.8,1707.0,1003.5,0.0,504500.0,504500.0,553433.0,1083.8,967.1,967.1,0.8,0.4,0.8,0.0,15462.322358046815,5406.0,1802.0
0,Charlestown,916.9,1881.4,1601.2,104930.0,497020.0,601950.0,634455.5,916.9,1773.4,1321.5,1.0,0.1,2.9,0.0,438.3970057509253,5406.0,1802.0
0,Charlestown,1006.3,1877.5,2005.0,97770.0,552070.0,649840.0,684931.4,1006.3,1892.1,1381.2,0.7,0.6,3.9,0.0,449.3928278607833,5406.0,1802.0
0,Charlestown,1090.3,1885.5,804.2,131020.0,516430.0,647450.0,682412.5,1090.3,2212.8,1550.1,-0.5,0.1,4.9,0.0,307.04157017550665,5406.0,1802.0
0,Charlestown,1003.1,1915.8,800.9,70850.0,421930.0,492780.0,539401.3,1003.1,1830.1,1395.9,1.0,0.2,2.7,0.0,337.96638282718504,5406.0,1802.0
0,Charlestown,954.0,1694.1,800.2,140080.0,401320.0,541400.0,570635.7,954.0,1479.6,1095.6,-1.0,0.1,3.2,0.0,1910.099465933141,5406.0,1802.0
0,Charlestown,1251.9,1538.6,598.7,47850.0,494900.0,542750.0,572058.6,1251.9,1556.0,1287.8,1.0,0.4,1.0,0.0,8384.994398180843,5406.0,1802.0
0,Charlestown,1285.0,1866.0,1000.5,170770.0,527610.0,698380.0,736092.7,1285.0,2339.0,1556.1,-0.2,0.3,4.5,0.0,370.2836109648691,5406.0,1802.0
0,Charlestown,102147.2,1344.6,596.4,2630122.6,300036.1,2930158.7,6929409.8,102147.2,846.7,710.7,-0.8,-0.6,1.8,0.0,510521.2029279495,5406.0,1802.0
0,Charlestown,214948.7,1724.2,805.6,3934409.7,8590535.1,12524944.8,30548612.1,214948.7,120301.2,108036.9,-1.0,-1.0,-1.0,0.2,14967.638915954269,5406.0,1802.0
0,Charlestown,92057.3,1530.8,597.2,1309450.0,481780.0,1791230.0,1900458.7,92057.3,9401.4,8696.1,-1.0,-1.0,-1.0,0.1,1001589.9506864541,5406.0,1802.0
0,Charlestown,37526.7,1347.8,399.9,2014680.1,722170.0,2736850.1,1200392.2,37526.7,21720.3,20752.9,-1.0,-0.7,-0.1,0.3,217357.42564235156,5406.0,1802.0
0,Charlestown,2220.7,1747.2,997.4,148800.0,530110.0,678910.0,715571.2,2220.7,3210.5,2172.2,-1.0,0.3,2.1,0.0,3124.3554489733906,5406.0,1802.0
0,Charlestown,10489.4,1732.3,1002.7,1589370.0,3246490.0,4835860.0,5561524.0,10489.4,25187.9,24611.5,0.1,-0.2,2.8,0.0,19502.216454817055,5406.0,1802.0
0,Charlestown,1947.1,1909.6,1604.6,54680.0,480330.0,535010.0,674230.5,1947.1,2237.8,1898.3,1.2,0.2,1.8,0.0,367.83021156916374,5406.0,1802.0
0,Charlestown,1558.0,1937.3,1407.8,68990.0,421970.0,490960.0,517471.9,1558.0,2164.8,1612.2,0.3,0.4,2.9,0.0,312.82440884268146,5406.0,1802.0
0,Hyde Park,6686.4,1922.7,399.6,131810.0,244760.0,376570.0,396904.7,6686.4,3406.3,2189.0,-1.0,-0.1,2.6,0.0,112.91401141217573,7804.0,2601.0
0,Hyde Park,6681.9,1921.2,1187.8,134000.0,202420.0,336420.0,532097.7,6681.9,3265.9,2386.5,-1.0,-0.5,1.5,0.0,114.92420702770396,7804.0,2601.0
0,Hyde Park,6271.4,1702.2,400.3,115104.4,267088.4,382192.8,510413.8,6271.4,3764.5,2266.4,-1.0,-0.2,3.1,0.0,1173.5332500625668,7804.0,2601.0
0,Hyde Park,6387.7,1904.5,598.0,118390.0,253670.0,372060.0,392151.3,6387.7,3557.1,2168.0,-1.0,0.1,4.0,0.0,111.44894300238425,7804.0,2601.0
0,Hyde Park,5422.7,1916.8,992.4,121340.0,283520.0,404860.0,455808.8,5422.7,3895.2,2360.6,-1.0,-0.2,3.6,0.0,107.21847157478483,7804.0,2601.0
0,Hyde Park,5989.7,1914.6,1001.4,137140.0,324500.0,461640.0,486568.7,5989.7,3751.8,2470.8,-1.0,0.0,3.7,0.0,127.20791522913844,7804.0,2601.0
0,Hyde Park,7368.5,1745.2,792.7,106100.0,163520.0,269620.0,418874.4,7368.5,2245.3,1714.6,-0.7,0.0,2.7,0.0,15716.273834187425,7804.0,2601.0
0,Hyde Park,5689.3,1944.0,1406.2,117950.0,382220.0,500170.0,604524.7,5689.3,3902.1,2642.9,-0.4,0.1,1.9,0.1,177.4812910590348,7804.0,2601.0
0,Hyde Park,6883.5,1932.3,602.7,134140.0,268550.0,402690.0,424435.4,6883.5,3723.6,2203.3,-1.0,0.0,6.0,0.0,125.76822319563992,7804.0,2601.0
0,Hyde Park,6205.8,1912.3,600.8,131920.0,284940.0,416860.0,439370.6,6205.8,3944.2,2313.1,-1.0,0.0,5.0,0.0,113.44102709833672,7804.0,2601.0
0,Hyde Park,8831.2,1907.7,395.5,158200.0,290600.0,448800.0,473035.2,8831.2,3562.0,2196.9,-1.0,0.0,4.3,0.0,133.36434492188775,7804.0,2601.0
0,Hyde Park,6732.6,1914.0,595.9,147690.0,268710.0,416400.0,438885.7,6732.6,3149.4,1902.1,-1.0,-0.1,3.3,0.0,133.2321136923732,7804.0,2601.0
0,Hyde Park,4681.6,1916.4,192.5,134560.0,299200.0,433760.0,457183.1,4681.6,4711.1,2877.6,-1.0,0.0,5.0,0.0,99.57685873893737,7804.0,2601.0
0,Hyde Park,4156.6,1713.3,797.8,98310.0,254830.0,353140.0,372209.8,4156.6,2622.8,1591.2,-0.2,0.1,4.3,0.0,4434.9663513552,7804.0,2601.0
0,Hyde Park,7722.3,1897.0,201.5,151400.0,285790.0,437190.0,460798.5,7722.3,4012.1,2433.0,-1.0,0.0,3.5,0.0,109.7372310584711,7804.0,2601.0
0,Hyde Park,7220.0,1903.5,803.4,138650.0,238690.0,377340.0,397716.3,7220.0,3721.0,2103.8,-1.0,0.3,4.0,0.0,106.07987549004834,7804.0,2601.0
0,Hyde Park,8358.1,1915.9,797.3,157120.0,279700.0,436820.0,460408.5,8358.1,3591.4,2119.2,-1.0,0.0,4.0,0.0,130.17164498368834,7804.0,2601.0
0,Hyde Park,12322.7,1916.0,401.9,255070.0,285670.0,540740.0,761535.2,12322.7,5526.8,3368.0,-1.0,-0.1,3.3,0.0,114.85280104311512,7804.0,2601.0
0,Hyde Park,14562.3,1932.0,396.0,496120.0,790460.0,1286580.0,1356055.5,14562.3,8318.6,7274.2,-1.0,-0.2,4.1,0.0,132.87763635846784,7804.0,2601.0
0,Hyde Park,6971.7,1909.4,601.0,146930.0,292370.0,439300.0,463022.5,6971.7,3708.4,2195.7,-1.0,0.0,4.5,0.0,121.93625924715127,7804.0,2601.0
0,Hyde Park,6690.3,1928.2,600.4,134210.0,248510.0,382720.0,403387.1,6690.3,2588.6,1527.9,-1.0,0.0,5.5,0.0,155.12502576324448,7804.0,2601.0
0,Hyde Park,6451.9,1939.8,401.5,131670.0,224200.0,355870.0,375087.2,6451.9,2289.0,1150.5,-1.0,0.1,3.5,0.0,158.42043247874318,7804.0,2601.0
0,Hyde Park,8502.1,1947.1,0.0,148499.0,221545.0,370044.0,390026.5,8502.1,2257.4,1219.8,-1.0,0.0,4.0,0.0,173.0513049803315,7804.0,2601.0
0,Hyde Park,6093.7,1943.7,399.8,124070.0,253870.0,377940.0,398348.9,6093.7,2391.5,1340.0,-1.0,0.0,6.0,0.0,163.81811567385648,7804.0,2601.0
0,Hyde Park,5000.0,1939.7,1003.3,134999.0,353452.0,488451.0,514827.5,5000.0,3646.8,2079.5,-1.0,0.1,6.0,0.0,139.37943283915624,7804.0,2601.0
0,Hyde Park,5000.0,1946.9,803.7,123390.0,276920.0,400310.0,421927.0,5000.0,2834.1,1454.6,-1.0,0.1,5.0,0.0,141.71197912302355,7804.0,2601.0
0,Hyde Park,4851.4,1945.7,0.0,117990.0,203730.0,321720.0,339093.0,4851.4,2072.3,1050.8,-1.0,0.1,1.5,0.0,161.58414524313557,7804.0,2601.0
0,Hyde Park,5000.0,1958.5,603.8,126320.0,266010.0,392330.0,413515.7,5000.0,2538.3,1435.8,-1.0,0.1,5.0,0.0,154.62600299265486,7804.0,2601.0
0,Hyde Park,5366.6,1781.3,401.7,122200.0,306400.0,428600.0,386217.5,5366.6,2400.0,1532.3,-1.0,0.3,3.3,0.2,4158.498948796013,7804.0,2601.0
0,Hyde Park,5224.4,1956.1,201.4,116340.0,190000.0,306340.0,322882.4,5224.4,2017.8,1082.3,-1.0,0.1,6.0,0.0,151.17337949069065,7804.0,2601.0
0,Hyde Park,6294.3,1984.8,0.0,116050.0,304520.0,420570.0,443281.0,6294.3,2778.8,1564.1,-1.0,0.6,3.5,0.0,151.87192857339485,7804.0,2601.0
0,Hyde Park,5289.5,1959.8,397.0,102830.0,218150.0,320980.0,338313.0,5289.5,2235.4,1230.1,-1.0,0.0,6.0,0.0,145.39456835490938,7804.0,2601.0
0,Hyde Park,5282.2,1949.3,399.9,122740.0,218920.0,341660.0,360109.6,5282.2,2102.3,1023.9,-1.0,0.1,1.9,0.0,162.95080312440302,7804.0,2601.0
0,Hyde Park,5470.9,1943.3,399.6,135190.0,313660.0,448850.0,473088.1,5470.9,3338.1,1915.3,-1.0,0.1,4.5,0.0,139.4956998262783,7804.0,2601.0
0,Hyde Park,5426.0,1943.4,1000.7,111050.0,256570.0,367620.0,387471.5,5426.0,2239.8,1389.3,-0.2,0.3,4.5,0.0,174.2159058842141,7804.0,2601.0
0,Hyde Park,5931.0,1954.6,401.9,140280.0,314500.0,454780.0,479338.3,5931.0,3190.8,1701.7,-1.0,0.2,5.0,0.0,146.9932974252314,7804.0,2601.0
0,Hyde Park,6594.1,1748.8,200.6,133080.0,214430.0,347510.0,366275.7,6594.1,2276.7,1143.7,-1.0,0.0,2.3,0.0,4856.1086263353145,7804.0,2601.0
0,Hyde Park,6050.5,1961.5,0.0,139390.0,275260.0,414650.0,437041.3,6050.5,2846.3,1685.8,-1.0,0.3,3.5,0.0,146.52222582491223,7804.0,2601.0
0,Hyde Park,6012.9,1953.4,801.7,137210.0,272770.0,409980.0,432119.1,6012.9,2633.6,1349.5,-1.0,0.1,5.5,0.0,158.18725694087323,7804.0,2601.0
0,Hyde Park,7021.9,1962.9,198.9,145500.0,250650.0,396150.0,417542.2,7021.9,2487.7,1305.7,-1.0,0.3,4.0,0.0,159.80277621298347,7804.0,2601.0
0,Hyde Park,5542.0,1960.5,399.5,130230.0,235150.0,365380.0,385110.6,5542.0,2305.6,1254.8,-1.0,0.2,2.0,0.0,158.10424853809974,7804.0,2601.0
0,Hyde Park,6330.8,1961.8,400.8,134800.0,257080.0,391880.0,413041.6,6330.8,2339.5,1448.0,-1.0,0.1,2.5,0.0,167.84701074228929,7804.0,2601.0
0,Hyde Park,6995.0,1956.9,0.0,144510.0,237830.0,382340.0,402986.5,6995.0,2329.8,1375.5,-1.0,0.0,3.0,0.0,164.84493505372328,7804.0,2601.0
0,Hyde Park,6758.4,1965.2,399.3,126990.0,256720.0,383710.0,404430.3,6758.4,2481.0,1483.4,-1.0,0.2,4.5,0.0,155.73191619756977,7804.0,2601.0
0,Hyde Park,5428.8,1959.1,401.7,105400.0,234890.0,340290.0,358666.0,5428.8,2235.4,1193.2,-1.0,0.0,6.0,0.0,152.2322748244658,7804.0,2601.0
0,Hyde Park,5328.1,1173.8,402.8,83360.0,144780.0,228140.0,227147.6,5328.1,1439.4,749.0,-1.0,-0.4,3.2,0.4,12721.060497794491,7804.0,2601.0
0,Hyde Park,5740.8,1962.5,800.7,124840.0,254580.0,379420.0,399908.8,5740.8,2310.2,1343.9,-1.0,0.0,3.0,0.0,166.79803989656887,7804.0,2601.0
0,Hyde Park,5723.7,1961.6,399.4,105950.0,204490.0,310440.0,327203.6,5723.7,2286.8,1111.2,-1.0,0.0,3.0,0.0,139.988955728899,7804.0,2601.0
0,Hyde Park,5032.8,1959.3,396.9,114380.0,254960.0,369340.0,389284.5,5032.8,2403.6,1456.4,-1.0,0.1,3.0,0.0,153.7211528007499,7804.0,2601.0
0,Hyde Park,5792.7,1946.4,0.0,111690.0,279280.0,390970.0,412082.6,5792.7,2923.9,1638.9,-1.0,0.0,4.0,0.0,134.98201809336337,7804.0,2601.0
0,Hyde Park,5462.9,1961.8,201.0,110740.0,245330.0,356070.0,375298.0,5462.9,2270.0,1350.0,-1.0,0.2,2.3,0.0,157.08900112580196,7804.0,2601.0
0,Hyde Park,4313.1,1952.4,201.6,110580.0,262520.0,373100.0,393247.6,4313.1,2307.3,1462.1,-1.0,0.4,2.5,0.0,162.43034388946904,7804.0,2601.0
0,Hyde Park,5054.1,1936.0,602.2,128990.0,271940.0,400930.0,422580.5,5054.1,2760.3,1484.9,-1.0,0.1,5.0,0.0,146.74470191548994,7804.0,2601.0
0,Hyde Park,4785.5,1940.0,988.7,113680.0,222590.0,336270.0,354428.7,4785.5,1923.4,984.5,-1.0,0.1,1.5,0.0,176.7007572506807,7804.0,2601.0
0,Hyde Park,4592.3,1942.0,1191.3,99360.0,210930.0,310290.0,327045.9,4592.3,1979.3,997.0,-1.0,0.2,2.0,0.0,157.41430631443163,7804.0,2601.0
0,Hyde Park,5076.0,1945.6,601.2,102480.0,224130.0,326610.0,344247.2,5076.0,2003.2,1157.4,-1.0,0.2,1.0,0.0,168.48879674860817,7804.0,2601.0
0,Hyde Park,6000.7,1944.0,398.7,101060.0,198270.0,299330.0,315493.8,6000.7,1895.7,945.1,-1.0,0.2,3.5,0.0,163.47455791129244,7804.0,2601.0
0,Hyde Park,5866.7,1939.4,393.9,100440.0,173530.0,273970.0,288764.6,5866.7,1836.5,983.2,-1.0,0.0,1.7,0.0,169.76505159656818,7804.0,2601.0
0,Hyde Park,4766.3,1940.9,0.0,94570.0,187710.0,282280.0,297523.1,4766.3,1784.3,924.6,-1.0,0.3,1.0,0.0,161.60352893019407,7804.0,2601.0
0,Hyde Park,4448.3,1944.7,603.7,94540.0,200260.0,294800.0,310719.4,4448.3,1951.7,966.2,-1.0,0.0,1.5,0.0,152.89519583960137,7804.0,2601.0
0,Hyde Park,4610.6,1940.5,803.3,109460.0,229150.0,338610.0,356895.2,4610.6,2170.6,1143.7,-1.0,0.0,1.0,0.0,158.07379082256313,7804.0,2601.0
0,Hyde Park,4574.3,1940.4,397.9,100110.0,232620.0,332730.0,350697.5,4574.3,2262.1,1266.0,-1.0,0.1,1.0,0.0,152.85500680504686,7804.0,2601.0
0,Hyde Park,5694.4,1957.2,397.1,119660.0,234240.0,353900.0,373010.9,5694.4,2299.8,1327.9,-1.0,0.0,5.5,0.0,155.93668161342484,7804.0,2601.0
0,Hyde Park,5241.9,1945.2,597.2,113130.0,228160.0,341290.0,359719.8,5241.9,2287.2,1271.4,-1.0,0.0,3.0,0.0,151.39242966974143,7804.0,2601.0
0,Hyde Park,4493.5,1953.3,602.3,129140.0,250390.0,379530.0,400024.8,4493.5,2290.8,1323.7,-1.0,0.0,5.5,0.0,170.33263563732663,7804.0,2601.0
0,Hyde Park,4808.4,1949.6,401.8,140160.0,300360.0,440520.0,464308.3,4808.4,2941.9,1859.0,-1.0,0.0,5.4,0.0,148.13263001298057,7804.0,2601.0
0,Hyde Park,5988.9,1939.8,600.6,141010.0,256390.0,397400.0,418859.8,5988.9,2515.1,1458.4,-1.0,0.1,5.0,0.0,165.58410471853995,7804.0,2601.0
0,Hyde Park,5936.9,1950.0,402.2,143700.0,272040.0,415740.0,438190.1,5936.9,2736.5,1431.5,-1.0,0.1,3.0,0.0,155.72733162480978,7804.0,2601.0
0,Hyde Park,6460.0,1963.5,401.5,147370.0,273310.0,420680.0,443396.9,6460.0,2656.2,1517.1,-1.0,0.2,4.5,0.0,160.3028775847461,7804.0,2601.0
0,Hyde Park,8838.1,1934.2,1198.7,254325.1,478128.5,732453.6,910576.0,8838.1,9544.8,8155.2,-1.0,-0.4,2.7,0.0,101.58176080183515,7804.0,2601.0
0,Hyde Park,8460.2,1934.8,1000.4,167410.0,339030.0,506440.0,626621.0,8460.2,5450.0,4031.9,-1.0,-0.1,3.1,0.0,104.23491728436451,7804.0,2601.0
0,Hyde Park,15628.8,1967.2,1001.8,224664.9,349262.3,573927.2,989435.7,15628.8,7313.4,6676.9,-1.0,-0.1,2.6,0.0,117.25000926973817,7804.0,2601.0
0,Hyde Park,7629.9,1912.6,1202.2,126810.0,325270.0,452080.0,476492.5,7629.9,3239.5,2010.3,-1.0,0.0,3.5,0.0,141.9059656856225,7804.0,2601.0
0,Hyde Park,4500.3,1922.2,997.8,99920.0,299200.0,399120.0,420672.7,4500.3,3195.2,2164.9,-0.8,0.2,3.6,0.0,135.83918890078738,7804.0,2601.0
0,Hyde Park,5028.9,1904.0,803.3,97170.0,257460.0,354630.0,373780.1,5028.9,2961.1,1828.9,-0.8,0.3,3.5,0.0,139.15188089772678,7804.0,2601.0
0,Hyde Park,3972.9,1894.9,1003.9,76820.0,242330.0,319150.0,336384.3,3972.9,2318.0,1533.4,-0.4,0.4,4.0,0.0,171.90654970438572,7804.0,2601.0
0,Hyde Park,5592.9,1902.9,599.1,134640.0,281920.0,416560.0,391466.3,5592.9,3963.6,2432.8,-1.0,-0.1,3.3,0.1,109.97946405758569,7804.0,2601.0
0,Hyde Park,5616.8,1911.7,601.5,136030.0,297930.0,433960.0,457393.9,5616.8,4018.7,2399.2,-1.0,0.1,4.4,0.0,109.91329714367482,7804.0,2601.0
0,South Boston,1494.1,1892.2,1191.6,131976.0,486494.0,618470.0,651867.5,1494.1,2642.7,1753.3,-0.7,0.2,5.5,0.0,307.5669149581092,10015.0,3338.0
0,South Boston,1494.9,1907.9,1604.4,97610.0,515140.0,612750.0,818202.0,1494.9,1658.0,1294.7,1.0,0.4,2.6,0.0,428.21370704510645,10015.0,3338.0
0,South Boston,1519.5,1894.0,803.2,108260.0,650840.0,759100.0,800091.5,1519.5,2831.5,2091.4,0.6,0.5,4.0,0.0,337.6765085822618,10015.0,3338.0
0,South Boston,1498.3,1907.0,1603.0,60560.0,633610.0,694170.0,731655.3,1498.3,1994.3,1587.5,1.8,0.4,3.5,0.0,436.77660719705193,10015.0,3338.0
0,South Boston,1655.4,1896.4,1793.5,90910.0,674600.0,765510.0,806847.7,1655.4,2061.1,1624.0,1.1,0.1,4.3,0.0,463.93627740613044,10015.0,3338.0
0,South Boston,1109.7,1892.5,1797.2,99120.0,598700.0,697820.0,735502.3,1109.7,1904.0,1444.0,1.0,0.2,4.4,0.0,471.6690872556982,10015.0,3338.0
0,South Boston,1337.0,1897.0,2007.3,28960.0,633230.0,662190.0,697948.5,1337.0,1376.9,1223.7,1.9,0.9,3.5,0.0,538.1256161913626,10015.0,3338.0
0,South Boston,1750.1,1927.2,800.1,87420.0,648100.0,735520.0,775238.3,1750.1,2013.1,1548.5,1.4,0.3,4.2,0.0,408.6529328408204,10015.0,3338.0
0,South Boston,1844.8,1889.5,1398.9,170490.0,787330.0,957820.0,1070166.1,1844.8,3436.5,2601.4,0.2,0.4,4.1,0.0,356.0155503035052,10015.0,3338.0
0,South Boston,1261.4,1891.5,1801.5,29310.0,599490.0,628800.0,662755.2,1261.4,1382.8,1221.0,2.6,0.5,1.9,0.0,569.7832957715405,10015.0,3338.0
0,South Boston,1195.3,1892.9,1805.8,95940.0,657480.0,753420.0,794104.7,1195.3,2026.5,1592.7,1.0,0.5,2.8,0.0,455.16271231830495,10015.0,3338.0
0,South Boston,1153.3,1893.7,1403.4,201250.0,763250.0,964500.0,1016583.1,1153.3,3042.8,2385.6,-0.6,-0.1,2.4,0.0,337.68601828940524,10015.0,3338.0
0,South Boston,941.9,1890.4,1802.6,104480.0,576180.0,680660.0,717415.8,941.9,1783.0,1362.6,0.3,0.6,2.9,0.0,447.44773268302,10015.0,3338.0
0,South Boston,1068.5,1888.4,1004.2,141150.0,665360.0,806510.0,850061.6,1068.5,2220.8,1696.6,-0.2,0.2,4.0,0.0,389.8897696144097,10015.0,3338.0
0,South Boston,934.3,1902.5,1800.0,37730.0,574130.0,611860.0,644900.6,934.3,1347.7,1132.3,1.9,0.2,4.0,0.0,544.7713559718438,10015.0,3338.0
0,South Boston,1819.1,1900.3,1401.4,133170.0,703920.0,837090.0,882292.9,1819.1,2633.1,2020.0,0.3,0.6,3.8,0.0,398.2676080921263,10015.0,3338.0
0,South Boston,1902.8,1904.2,1602.8,92310.0,752080.0,844390.0,889987.3,1902.8,2627.2,1984.5,1.4,0.8,4.5,0.0,427.5757632909055,10015.0,3338.0
0,South Boston,1641.8,1897.5,1407.1,115990.0,592310.0,708300.0,746548.3,1641.8,2237.3,1587.9,-0.4,0.5,3.0,0.0,388.66525974382466,10015.0,3338.0
0,South Boston,1634.4,1904.0,1799.4,116220.0,578680.0,694900.0,732424.8,1634.4,2182.7,1546.7,0.3,0.0,4.0,0.0,398.1496756836422,10015.0,3338.0
0,South Boston,1492.4,1913.6,1599.3,60560.0,626930.0,687490.0,724614.5,1492.4,1843.2,1549.3,0.6,0.5,2.5,0.0,467.15807593788367,10015.0,3338.0
0,South Boston,1714.5,1906.1,1202.5,67265.0,603570.0,670835.0,707060.3,1714.5,2088.0,1663.4,0.6,0.3,3.5,0.0,451.77148062903086,10015.0,3338.0
0,South Boston,2510.1,1897.5,1602.8,191660.0,927100.0,1118760.0,1179173.0,2510.1,4045.6,2883.7,-0.2,0.2,5.5,0.0,302.0386833880414,10015.0,3338.0
0,South Boston,5076.1,1905.2,402.0,486700.0,1260570.0,1747270.0,714780.6,5076.1,8350.0,7385.3,-1.0,-0.1,2.9,0.1,230.3019559855471,10015.0,3338.0
0,South Boston,1192.3,1903.0,1205.8,110320.0,509230.0,619550.0,653005.9,1192.3,1846.0,1358.4,0.2,0.5,3.0,0.0,364.70545158494696,10015.0,3338.0
0,South Boston,1104.6,1910.1,1610.8,69140.0,648640.0,717780.0,756540.2,1104.6,1662.1,1356.8,1.4,0.8,1.5,0.0,494.43651908430286,10015.0,3338.0
0,South Boston,1467.3,1894.9,1203.4,99910.0,514142.0,614052.0,647211.0,1467.3,1641.9,1261.1,0.8,0.3,5.0,0.0,432.15789447432235,10015.0,3338.0
0,South Boston,781.5,1895.0,1402.3,44560.0,397540.0,442100.0,465973.6,781.5,985.5,809.7,1.8,0.6,4.5,0.0,519.6672593032557,10015.0,3338.0
0,South Boston,1225.0,1904.0,799.8,66680.0,542050.0,608730.0,641601.6,1225.0,1808.0,1454.8,1.4,0.7,4.5,0.0,412.48531619312126,10015.0,3338.0
0,South Boston,2168.4,1897.7,1806.7,76680.0,642820.0,719500.0,758353.0,2168.4,1723.4,1477.0,1.3,0.2,4.0,0.0,482.2013091589788,10015.0,3338.0
0,South Boston,1490.0,1893.1,1404.4,118390.0,556870.0,675260.0,773852.9,1490.0,2315.0,1695.7,0.3,0.1,4.2,0.0,362.8032014560321,10015.0,3338.0
0,South Boston,754.1,1887.0,2009.0,0.0,435620.0,435620.0,459143.7,754.1,754.1,754.1,2.4,0.1,6.0,0.0,585.1966641426243,10015.0,3338.0
0,South Boston,1336.9,1737.8,1004.5,33330.0,538400.0,571730.0,602603.6,1336.9,1274.4,1068.2,2.2,0.2,3.8,0.0,10245.86513527817,10015.0,3338.0
0,South Boston,1509.9,1928.3,800.5,82560.0,581830.0,664390.0,700267.2,1509.9,1915.2,1484.1,0.5,0.4,4.0,0.0,428.2390824550019,10015.0,3338.0
0,South Boston,1661.4,1900.0,1204.3,113110.0,571410.0,684520.0,721484.1,1661.4,2427.8,1832.2,0.0,0.3,3.4,0.0,342.3132945750968,10015.0,3338.0
0,South Boston,1075.9,1895.8,1396.4,85340.0,499000.0,584340.0,673474.1,1075.9,1862.7,1442.9,0.7,0.3,2.6,0.0,419.4291030019502,10015.0,3338.0
0,South Boston,755.4,1899.0,1986.0,0.0,435170.0,435170.0,458669.4,755.4,755.4,755.4,3.0,0.0,0.0,0.0,581.2719608910668,10015.0,3338.0
0,South Boston,1535.3,1899.3,1591.5,73540.0,519220.0,592760.0,737629.4,1535.3,1890.8,1511.3,1.8,-0.1,0.6,0.0,475.75527035271006,10015.0,3338.0
0,South Boston,3400.5,1886.9,1202.8,218650.0,785290.0,1003940.0,1058152.9,3400.5,3791.8,2811.2,-0.2,0.5,3.0,0.0,288.9488795432443,10015.0,3338.0
0,South Boston,1973.2,1922.2,1205.3,97560.0,776780.0,874340.0,921554.5,1973.2,2417.6,1983.8,1.0,0.6,3.5,0.0,446.6043924931902,10015.0,3338.0
0,South Boston,753.9,1899.0,2011.6,0.0,494690.0,494690.0,521403.6,753.9,753.9,753.9,2.2,1.0,2.0,0.0,655.4682593207644,10015.0,3338.0
0,South Boston,621961.9,1896.9,802.4,48998170.0,19086690.0,68084860.0,633770.3,621961.9,151002.3,150413.6,-0.2,-0.5,0.3,0.4,3912.5179718125596,10015.0,3338.0
0,South Boston,208436.1,1184.5,200.3,16280480.0,6773540.0,23054020.0,7568850.0,208436.1,56708.4,52888.4,-1.0,-1.0,-1.0,0.7,856299.4930264378,10015.0,3338.0
0,South Boston,1085167.8,1967.4,1596.4,29059800.0,23071570.0,52131370.0,116040750.0,1085167.8,125468.0,125468.0,-1.0,-1.0,-1.0,0.4,760.3171290840213,10015.0,3338.0
0,South Boston,513002.3,1998.9,201.2,14661960.0,10727850.0,25389810.0,62382128.6,513002.3,26698.2,26698.2,0.2,0.0,0.0,0.1,845.308191800679,10015.0,3338.0
0,South Boston,3286.3,1407.8,201.6,177070.0,1945550.0,2122620.0,2688263.3,3286.3,6729.4,5705.4,0.0,-0.1,0.0,0.0,10235.903275100796,10015.0,3338.0
0,South Boston,1920.8,2011.8,2012.1,17430.0,789170.0,806600.0,850156.8,1920.8,1950.8,1716.5,2.6,1.0,1.0,0.0,413.87614563416554,10015.0,3338.0
0,South Boston,2015.6,1801.0,200.1,16710.0,921850.0,938560.0,989242.2,2015.6,2071.6,1714.1,0.6,0.7,1.3,0.0,1392.7901110029911,10015.0,3338.0
0,South Boston,1685.2,1900.0,1203.4,147110.0,483610.0,630720.0,556023.4,1685.2,2720.0,1855.9,-0.8,0.1,3.1,0.1,274.15376795875585,10015.0,3338.0
0,South Boston,2002.4,1919.9,1805.5,217032.0,841935.0,1058967.0,1207032.4,2002.4,3851.3,2805.8,-0.6,0.4,3.1,0.0,289.835617746017,10015.0,3338.0
0,South Boston,1103.6,1889.0,2001.9,40760.0,583730.0,624490.0,658212.5,1103.6,1623.5,1354.0,2.2,0.3,3.0,0.0,531.6086053182478,10015.0,3338.0
0,South Boston,1185.5,1725.6,1804.0,22940.0,534540.0,557480.0,587584.1,1185.5,1200.7,1097.1,1.3,0.4,2.8,0.0,5407.169212169014,10015.0,3338.0
0,South Boston,1541.8,1905.1,803.4,143810.0,511090.0,654900.0,690264.8,1541.8,2130.4,1416.7,-0.6,0.2,5.5,0.0,313.3509296182643,10015.0,3338.0
0,South Boston,1195.4,1889.5,601.2,142660.0,419030.0,561690.0,592021.3,1195.4,2057.3,1306.4,-1.0,0.1,5.5,0.0,278.14858431079654,10015.0,3338.0
0,South Boston,2175.8,1906.6,1794.8,213330.0,916170.0,1129500.0,1594412.3,2175.8,4044.8,3217.5,0.2,-0.3,1.5,0.0,370.0851720473241,10015.0,3338.0
0,South Boston,1026.9,2000.0,2001.7,0.0,636100.0,636100.0,670449.5,1026.9,1026.9,1026.9,3.0,1.0,1.0,0.0,625.787761396526,10015.0,3338.0
0,South Boston,1345.1,1992.0,1999.8,67310.0,819840.0,887150.0,935056.0,1345.1,1490.0,1407.7,2.0,0.8,0.8,0.0,634.4733855964855,10015.0,3338.0
0,South Boston,1699.0,1901.3,1989.1,111650.0,675210.0,786860.0,854832.7,1699.0,1780.8,1550.8,0.3,-0.2,4.6,0.0,484.5889047411849,10015.0,3338.0
0,South Boston,2721.7,1742.3,1193.7,177890.0,647210.0,825100.0,910335.3,2721.7,3894.5,3086.9,0.3,-0.1,0.5,0.0,4311.184929299741,10015.0,3338.0
0,South Boston,1029.5,1930.6,1404.2,9424.3,502541.4,511965.7,563696.1,1029.5,1087.1,1087.1,2.3,0.8,0.8,0.0,570.4461812065147,10015.0,3338.0
0,South Boston,1712.1,1959.6,1804.7,63110.0,607130.0,670240.0,840260.3,1712.1,1908.7,1797.5,1.4,0.5,1.3,0.0,442.0519192616397,10015.0,3338.0
0,South Boston,2709.9,1964.0,1807.8,38760.0,823750.0,862510.0,1045154.2,2709.9,2420.9,2420.9,2.6,0.8,0.8,0.0,512.5161317303844,10015.0,3338.0
0,South Boston,1003.2,1907.0,2003.0,0.0,507910.0,507910.0,535337.2,1003.2,1003.2,1003.2,3.0,1.0,1.0,0.0,581.4016026762092,10015.0,3338.0
0,South Boston,1702.3,1524.0,1600.0,158184.2,607070.0,765254.2,1035312.4,1702.3,1005.1,1005.1,1.5,0.6,0.6,0.0,158661.16428477174,10015.0,3338.0
0,South Boston,1516.8,1903.9,1399.3,182420.0,829760.0,1012180.0,1066837.9,1516.8,3156.8,2470.1,-0.3,0.1,1.9,0.0,398.2507742359128,10015.0,3338.0
0,South Boston,3181.6,1906.9,2003.1,184010.0,720710.0,904720.0,1214071.8,3181.6,4001.0,2597.2,1.0,0.5,1.1,0.0,442.7093757450931,10015.0,3338.0
0,South Boston,653.5,1893.0,1802.1,29660.0,373070.0,402730.0,424477.5,653.5,767.3,636.9,2.2,0.6,1.9,0.0,621.9454090567702,10015.0,3338.0
0,South Boston,3207.9,1909.3,1604.1,161270.0,612950.0,774220.0,1189168.3,3207.9,3459.8,3129.4,1.4,0.2,3.6,0.0,488.6479601453023,10015.0,3338.0
0,South Boston,714.8,1898.7,1402.2,0.0,437780.0,437780.0,461420.3,714.8,714.8,669.1,2.7,0.6,3.0,0.0,617.7535483788779,10015.0,3338.0
0,South Boston,8073.7,1724.2,1597.3,204630.0,663820.0,868450.0,1289643.5,8073.7,3863.4,3452.5,0.4,0.2,1.3,0.0,4145.930095515092,10015.0,3338.0
0,South Boston,942.5,1711.5,1806.8,31030.0,469780.0,500810.0,527853.9,942.5,955.6,876.3,1.8,0.7,1.3,0.0,14964.426972159068,10015.0,3338.0
0,South Boston,976.0,1903.0,1994.7,15460.0,542380.0,557840.0,587963.7,976.0,1155.3,1081.2,2.6,0.2,4.5,0.0,535.2622721331005,10015.0,3338.0
0,South Boston,983.5,1901.0,1997.1,0.0,533210.0,533210.0,562003.6,983.5,983.5,983.5,2.4,0.2,4.5,0.0,550.0549075862584,10015.0,3338.0
0,South Boston,1019.2,1923.9,1603.7,0.0,581920.0,581920.0,613343.8,1019.2,1019.2,1019.2,1.8,0.8,2.5,0.0,575.6123379402827,10015.0,3338.0
0,South Boston,812.3,1927.0,1604.2,25430.0,494640.0,520070.0,548154.0,812.3,1070.3,953.8,1.3,0.6,4.0,0.0,528.0735199115245,10015.0,3338.0
0,South Boston,1498.7,1964.8,399.6,60770.0,517800.0,578570.0,670327.9,1498.7,2041.7,1771.9,1.4,-0.1,5.3,0.0,389.19333596859764,10015.0,3338.0
0,South Boston,1643.9,1991.8,201.3,59470.0,646070.0,705540.0,919256.0,1643.9,1540.5,1540.5,2.2,0.6,0.6,0.0,511.0973393768668,10015.0,3338.0
0,South Boston,1267.6,1936.6,1994.0,56810.0,578360.0,635170.0,669469.1,1267.6,1731.4,1471.7,0.9,0.0,4.4,0.0,437.6560386248137,10015.0,3338.0
0,South Boston,580.0,1890.0,1970.0,0.0,235320.0,235320.0,248027.3,580.0,580.0,580.0,0.2,0.0,6.0,0.0,408.7371386101912,10015.0,3338.0
0,South Boston,1035.0,1890.9,1785.2,30790.0,383730.0,414520.0,484043.7,1035.0,1305.5,1062.4,0.7,0.2,3.8,0.0,415.7729560932051,10015.0,3338.0
0,South Boston,1101.5,1890.0,1604.3,65970.0,548590.0,614560.0,647746.3,1101.5,1829.6,1426.5,0.7,0.6,2.9,0.0,459.1745993418058,10015.0,3338.0
0,South Boston,818.2,1892.5,2000.5,13870.0,453230.0,467100.0,492323.4,818.2,996.5,968.8,1.7,0.5,3.4,0.0,520.0617371796063,10015.0,3338.0
0,South Boston,1121.5,1941.4,1404.6,67620.0,618630.0,686250.0,723307.6,1121.5,1661.1,1479.1,1.0,0.8,2.9,0.0,488.6028372408382,10015.0,3338.0
0,South Boston,1229.9,1901.4,1799.6,106070.0,534140.0,640210.0,822083.9,1229.9,2326.9,1758.6,0.4,0.0,1.7,0.0,404.06677821141244,10015.0,3338.0
0,South Boston,1022.3,1899.1,1005.0,46420.0,489980.0,536400.0,573521.2,1022.3,1410.8,1249.6,1.2,0.2,5.3,0.0,484.8115491631518,10015.0,3338.0
0,South Boston,848.6,1922.7,1602.5,15440.0,406830.0,422270.0,532121.9,848.6,1078.4,855.8,0.1,0.1,3.1,0.0,494.77995142790115,10015.0,3338.0
0,South Boston,1350.8,1917.7,596.1,90250.0,625160.0,715410.0,754042.2,1350.8,2635.6,2018.2,0.1,0.2,4.7,0.0,352.3239585939647,10015.0,3338.0
0,South Boston,1591.5,1905.2,1803.7,128500.0,704250.0,832750.0,877718.7,1591.5,2915.5,2160.8,1.0,0.4,2.7,0.0,408.67978083636893,10015.0,3338.0
0,South Boston,1363.0,1970.2,1400.6,72120.0,648940.0,721060.0,807246.9,1363.0,2306.9,1747.8,1.4,0.5,3.7,0.0,403.0863876906156,10015.0,3338.0
0,South Boston,1878.5,1906.2,1195.6,158387.6,477153.0,635540.6,1063047.8,1878.5,2712.7,1819.0,-0.2,-0.4,1.8,0.0,265.60865561827393,10015.0,3338.0
0,South Boston,1681.0,1526.5,1403.6,115642.2,511726.8,627369.0,963617.2,1681.0,1734.9,1266.4,0.6,-0.1,0.5,0.1,49868.38160701109,10015.0,3338.0
0,South Boston,1078.8,1515.8,1398.6,100480.0,433560.0,534040.0,621278.6,1078.8,2055.0,1548.2,-0.2,-0.1,2.2,0.0,5987.269233579686,10015.0,3338.0
0,South Boston,1601.0,1894.0,1802.3,38280.0,595150.0,633430.0,667635.4,1601.0,1394.9,1195.2,2.2,0.6,2.5,0.0,529.3821906325445,10015.0,3338.0
0,South Boston,2160.3,1943.2,602.9,71640.0,799350.0,870990.0,918023.6,2160.3,2300.6,1883.3,0.6,0.8,2.4,0.0,429.56673592489653,10015.0,3338.0
0,South Boston,1057.5,1726.4,1606.0,31970.0,626753.8,658723.8,694295.0,1057.5,1505.9,1307.2,0.4,0.5,2.3,0.0,1897.3124926118853,10015.0,3338.0
0,South Boston,1078.5,1993.4,399.6,27535.9,635379.1,662915.0,698712.5,1078.5,999.3,948.9,1.0,0.7,1.8,0.0,27076.778965256137,10015.0,3338.0
0,South Boston,959.0,1890.0,1003.6,48320.0,429250.0,477570.0,503358.9,959.0,1221.4,1000.6,1.3,0.4,4.3,0.0,531.4678751498229,10015.0,3338.0
0,South Boston,739.2,1890.9,1806.7,37290.0,415410.0,452700.0,477145.8,739.2,1091.7,893.7,1.7,0.7,1.3,0.0,593.2941532771018,10015.0,3338.0
0,South Boston,1334.0,1701.0,1397.0,109790.0,453340.0,563130.0,593539.1,1334.0,1980.7,1341.9,0.2,0.1,4.3,0.0,3631.539604453969,10015.0,3338.0
0,South Boston,1267.2,1730.4,1201.7,41790.0,516330.0,558120.0,588258.6,1267.2,1669.5,1343.4,1.2,0.3,1.5,0.0,3404.163209041765,10015.0,3338.0
0,South Boston,1172.2857142857142,1930.2857142857142,857.4285714285714,120700.0,428100.0,548800.0,578435.1428571428,1172.2857142857142,1626.4285714285713,1115.142857142857,-0.42857142857142855,0.14285714285714285,1.2857142857142858,0.0,353.3136979904836,10015.0,3338.0
0,Jamaica Plain,5793.1,1892.4,1000.4,222139.0,455727.5,677866.5,714471.5,5793.1,2875.0,1845.2,-0.6,0.2,3.5,0.0,272.75636572127274,9530.0,3176.0
0,Jamaica Plain,4108.9,1899.4,800.8,236730.0,529860.0,766590.0,807985.9,4108.9,3369.4,2056.5,-1.0,0.3,4.5,0.0,229.41604646965288,9530.0,3176.0
0,Jamaica Plain,3624.0,1527.3,1202.9,104150.0,433480.0,537630.0,541935.3,3624.0,1584.1,1247.2,0.2,0.2,2.1,0.2,23753.32145578537,9530.0,3176.0
0,Jamaica Plain,2473.3,1890.0,1002.7,113660.0,433050.0,546710.0,576232.4,2473.3,2286.6,1570.8,0.6,0.0,5.0,0.0,301.6016390709416,9530.0,3176.0
0,Jamaica Plain,2014.7,1924.4,1193.1,54100.0,471468.1,525568.1,553948.9,2014.7,1784.2,1360.4,0.9,0.3,3.0,0.0,342.26555850690227,9530.0,3176.0
0,Jamaica Plain,3190.9,1886.4,1000.0,120770.0,426140.0,546910.0,576443.2,3190.9,2399.9,1619.0,-0.7,0.2,4.3,0.0,285.9258504130693,9530.0,3176.0
0,Jamaica Plain,7726.5,1712.2,1197.1,171560.0,1182220.0,1353780.0,729612.1,7726.5,10441.9,9547.4,-1.0,-0.3,2.7,0.1,6161.33892219798,9530.0,3176.0
0,Jamaica Plain,4864.4,1907.6,1402.3,193040.0,641460.0,834500.0,879563.0,4864.4,3528.1,2382.2,0.2,0.0,2.5,0.0,294.76058555399817,9530.0,3176.0
0,Jamaica Plain,2489.0,1905.0,1602.9,79960.0,552800.0,632760.0,666929.2,2489.0,2032.4,1534.1,1.8,0.3,3.0,0.0,421.47931843603,9530.0,3176.0
0,Jamaica Plain,2730.5,1526.0,1404.0,139190.0,401130.0,540320.0,796316.9,2730.5,2058.9,1372.3,1.0,-0.2,0.9,0.0,67611.94302181221,9530.0,3176.0
0,Jamaica Plain,4110.8,1889.9,602.1,182260.0,432730.0,614990.0,648199.7,4110.8,2500.0,1706.8,-1.0,0.0,5.0,0.0,251.94412679231436,9530.0,3176.0
0,Jamaica Plain,3438.1,1919.2,599.6,118160.0,493560.0,611720.0,644753.0,3438.1,2719.5,1731.6,-0.2,0.2,3.4,0.0,251.43051973900384,9530.0,3176.0
0,Jamaica Plain,1090.1,1941.1,2006.2,15800.0,394330.0,410130.0,432277.0,1090.1,1041.4,929.1,1.1,0.4,2.0,0.0,456.4511678491766,9530.0,3176.0
0,Jamaica Plain,1327.1,1943.6,2004.2,43500.0,467470.0,510970.0,538562.5,1327.1,1531.6,1363.6,1.1,0.2,3.8,0.0,417.1712944589273,9530.0,3176.0
0,Jamaica Plain,1808.3,1905.6,1391.3,69180.0,491610.0,560790.0,516323.1,1808.3,2382.4,1772.7,0.8,0.1,5.9,0.1,329.7920233109003,9530.0,3176.0
0,Jamaica Plain,3420.9,1910.6,1002.4,170420.0,662780.0,833200.0,1151486.9,3420.9,4368.6,2738.7,0.2,-0.1,3.6,0.0,273.9994685104826,9530.0,3176.0
0,Jamaica Plain,1399.4,1927.2,602.4,38490.0,449370.0,487860.0,514204.6,1399.4,1565.4,1383.6,0.7,0.0,3.0,0.0,378.98081511238996,9530.0,3176.0
0,Jamaica Plain,1453.2,1909.0,1799.1,51230.0,488540.0,539770.0,568917.5,1453.2,1870.0,1560.6,1.3,0.0,4.8,0.0,385.6366300879228,9530.0,3176.0
0,Jamaica Plain,1236.5,1904.0,2002.0,0.0,458710.0,458710.0,483480.4,1236.5,1236.5,1194.3,2.7,0.5,4.0,0.0,394.15495269238954,9530.0,3176.0
0,Jamaica Plain,876.4,1902.0,1397.9,0.0,396040.0,396040.0,417426.4,876.4,876.4,876.4,3.0,0.0,2.0,0.0,452.2923543383321,9530.0,3176.0
0,Jamaica Plain,2816.4,1908.0,601.5,147435.4,590452.3,737887.7,777733.7,2816.4,3664.6,2496.1,-0.1,-0.1,5.3,0.0,262.51807228234895,9530.0,3176.0
0,Jamaica Plain,1780.5,1905.5,1596.9,69780.0,498350.0,568130.0,598809.1,1780.5,2271.3,1753.1,0.6,0.3,3.5,0.0,341.2455016368567,9530.0,3176.0
0,Jamaica Plain,1777.0,1903.5,1790.9,43596.4,502524.2,546120.6,575611.2,1777.0,2267.2,1734.0,0.1,0.1,6.0,0.0,291.7486805700886,9530.0,3176.0
0,Jamaica Plain,1972.0,1904.5,1202.3,88830.0,609000.0,697830.0,735512.9,1972.0,2898.7,2182.6,1.1,0.4,2.7,0.0,324.0278699667751,9530.0,3176.0
0,Jamaica Plain,2377.3,1920.8,1396.9,95130.0,479340.0,574470.0,734836.1,2377.3,2919.8,1831.8,0.0,0.0,3.1,0.0,287.069335514315,9530.0,3176.0
0,Jamaica Plain,1714.6,1900.1,1604.9,62400.0,468730.0,531130.0,559811.1,1714.6,2192.7,1671.2,1.6,0.4,3.5,0.0,362.0499044864623,9530.0,3176.0
0,Jamaica Plain,2574.2,1938.1,799.9,94010.0,399110.0,493120.0,519748.6,2574.2,1648.7,1172.1,0.0,0.6,3.0,0.0,321.2456217580153,9530.0,3176.0
0,Jamaica Plain,1873.8,1919.1,801.5,71650.0,519790.0,591440.0,623377.8,1873.8,2301.4,1757.7,0.6,0.0,5.5,0.0,339.49518785063435,9530.0,3176.0
0,Jamaica Plain,762.8,1933.2,794.6,0.0,347470.0,347470.0,366233.5,762.8,762.8,762.8,0.6,0.0,3.5,0.0,457.16906543624947,9530.0,3176.0
0,Jamaica Plain,1599.8,1902.9,1596.0,61460.0,477274.5,538734.5,629087.5,1599.8,2049.2,1739.0,0.0,0.1,5.2,0.0,341.15373867734604,9530.0,3176.0
0,Jamaica Plain,2097.8,1900.4,1206.4,96710.0,520810.0,617520.0,650866.0,2097.8,2368.0,1608.2,0.1,0.0,4.0,0.0,359.00909368024736,9530.0,3176.0
0,Jamaica Plain,4896.4,1904.4,1600.3,330550.0,1469750.0,1800300.0,1897516.3,4896.4,11379.0,9302.2,1.4,0.3,2.8,0.0,355.4757684798375,9530.0,3176.0
0,Jamaica Plain,2737.1,1904.5,402.4,163810.0,547590.0,711400.0,749815.7,2737.1,3438.9,2360.5,-0.2,0.3,3.3,0.0,235.89408337349823,9530.0,3176.0
0,Jamaica Plain,86243.2,1933.2,2003.8,3443190.0,9569060.0,13012250.0,311457.1,86243.2,10165.8,7599.3,0.6,-0.3,0.0,0.5,949.2070562117282,9530.0,3176.0
0,Jamaica Plain,1848.4,1912.1,1605.7,51960.0,435410.0,487370.0,513688.1,1848.4,1608.0,1234.1,1.3,0.5,3.0,0.0,407.5534111443684,9530.0,3176.0
0,Jamaica Plain,2817.4,1742.1,1195.9,111740.0,418690.0,530430.0,549903.6,2817.4,2566.8,2024.2,-0.1,-0.4,3.2,0.1,9003.828965068473,9530.0,3176.0
0,Jamaica Plain,577.3,1960.0,0.0,0.0,236740.0,236740.0,249524.2,577.3,577.3,577.3,0.0,0.0,6.0,0.0,416.57695384625447,9530.0,3176.0
0,Jamaica Plain,613.8,1960.0,401.7,0.0,271490.0,271490.0,286150.6,613.8,613.8,613.8,0.0,0.0,6.0,0.0,447.0405210495833,9530.0,3176.0
0,Jamaica Plain,590.9,1960.0,0.0,0.0,273170.0,273170.0,287921.3,590.9,590.9,590.9,0.6,0.0,6.0,0.0,464.97567119365294,9530.0,3176.0
0,Jamaica Plain,1234.3,1981.0,1398.0,29040.0,368440.0,397480.0,418944.1,1234.3,1317.8,1135.4,1.7,-0.1,5.3,0.0,444.0467107263083,9530.0,3176.0
0,Jamaica Plain,1870.1,1983.6,1597.8,42900.0,355180.0,398080.0,561139.9,1870.1,1743.8,1743.8,2.2,0.0,3.6,0.0,417.0038688377152,9530.0,3176.0
0,Jamaica Plain,1344.3,1927.5,1407.4,60610.0,531210.0,591820.0,623778.5,1344.3,1956.9,1550.9,1.8,0.5,2.5,0.0,410.4326535641504,9530.0,3176.0
0,Jamaica Plain,5257.8,1714.9,1397.4,166990.0,645620.0,812610.0,818789.4,5257.8,3584.3,2462.7,-0.6,0.0,5.3,0.1,36004.95451596475,9530.0,3176.0
0,Jamaica Plain,3764.3,1934.3,2005.2,123720.0,649720.0,773440.0,815206.0,3764.3,3485.1,2203.8,-0.1,0.2,6.0,0.0,324.5751053019595,9530.0,3176.0
0,Jamaica Plain,3626.7,1921.5,1199.5,155270.0,679150.0,834420.0,879478.7,3626.7,3490.5,2414.9,0.4,0.3,5.5,0.0,279.57917414395354,9530.0,3176.0
0,Jamaica Plain,3523.4,1934.9,996.6,132320.0,623580.0,755900.0,796718.6,3523.4,2707.4,1979.0,0.8,0.2,5.0,0.0,338.7880299676018,9530.0,3176.0
0,Jamaica Plain,3588.7,1905.5,1807.1,173930.0,674820.0,848750.0,894582.5,3588.7,3661.6,2369.4,0.6,0.3,5.0,0.0,283.7133364060064,9530.0,3176.0
0,Jamaica Plain,7496.0,1916.4,1203.5,349080.0,825650.0,1174730.0,1140765.4,7496.0,5188.3,3197.2,-1.0,0.3,5.0,0.1,234.95576747073056,9530.0,3176.0
0,Jamaica Plain,3797.0,1901.2,1604.3,137770.0,694060.0,831830.0,876749.1,3797.0,3429.3,2334.1,1.0,0.2,3.8,0.0,289.15315180035907,9530.0,3176.0
0,Jamaica Plain,3081.4,1907.6,1004.2,163860.0,609170.0,773030.0,814773.8,3081.4,3381.5,2184.7,0.2,0.1,4.5,0.0,269.48103708124427,9530.0,3176.0
0,Jamaica Plain,2131.9,1713.3,1395.5,73220.0,400120.0,473340.0,493145.5,2131.9,2105.7,1538.3,0.5,0.0,4.3,0.1,5704.740508190119,9530.0,3176.0
0,Jamaica Plain,2175.8,1905.5,1402.3,93960.0,581020.0,674980.0,711429.0,2175.8,2812.8,2020.2,1.1,0.0,5.5,0.0,304.8286906465423,9530.0,3176.0
0,Jamaica Plain,2176.2,1898.5,1203.9,93810.0,500100.0,593910.0,625981.5,2176.2,2509.4,1663.5,0.2,0.0,3.0,0.0,320.5360646467773,9530.0,3176.0
0,Jamaica Plain,2659.9,1953.2,802.0,95660.0,541210.0,636870.0,671261.3,2659.9,2653.3,1678.4,0.8,0.2,4.0,0.0,286.46900616143387,9530.0,3176.0
0,Jamaica Plain,3887.9,1934.1,1202.4,151690.0,654610.0,806300.0,849840.2,3887.9,3377.8,2219.7,0.6,0.3,3.3,0.0,307.00731992757795,9530.0,3176.0
0,Jamaica Plain,1366.5,1938.2,1801.3,20970.0,516572.4,537542.4,566569.9,1366.5,1207.7,1097.1,2.3,0.4,4.4,0.0,481.9144906741893,9530.0,3176.0
0,Jamaica Plain,1938.7,1925.7,1599.4,70720.0,494860.0,565580.0,596121.6,1938.7,2005.4,1489.6,0.9,0.2,4.0,0.0,348.48100393293356,9530.0,3176.0
0,Jamaica Plain,2500.6,1901.6,796.6,81480.0,384260.0,465740.0,490890.1,2500.6,1685.8,1342.5,0.5,0.0,5.0,0.0,310.5235506660913,9530.0,3176.0
0,Jamaica Plain,2254.2,1901.0,1401.6,84200.0,458230.0,542430.0,571721.3,2254.2,1895.8,1483.6,0.5,0.0,4.0,0.0,318.8407373953891,9530.0,3176.0
0,Jamaica Plain,2418.7,1722.5,1004.8,82570.0,448360.0,530930.0,559600.4,2418.7,1896.7,1419.8,0.4,-0.1,5.3,0.0,6070.750727064523,9530.0,3176.0
0,Jamaica Plain,2296.4,1899.5,1598.2,102630.0,526890.0,629520.0,663514.1,2296.4,2837.4,2025.7,0.4,0.0,5.3,0.0,292.67042134969336,9530.0,3176.0
0,Jamaica Plain,1826.3,1879.0,1807.1,78340.0,535150.0,613490.0,646618.5,1826.3,2006.0,1587.7,1.4,0.5,2.3,0.0,407.48594829766654,9530.0,3176.0
0,Jamaica Plain,3431.6,1880.4,1202.9,154650.0,408460.0,563110.0,593518.3,3431.6,2226.4,1489.3,-0.8,0.2,4.5,0.0,274.5313508833133,9530.0,3176.0
0,Jamaica Plain,3749.0,1704.0,1201.5,188600.0,398270.0,586870.0,618561.1,3749.0,2514.7,1465.4,-1.0,-0.1,3.8,0.0,3302.3492024872967,9530.0,3176.0
0,Jamaica Plain,2852.1,1919.9,1201.2,93160.0,543500.0,636660.0,671039.8,2852.1,2197.0,1645.2,1.1,0.2,3.0,0.0,335.5924309213266,9530.0,3176.0
0,Jamaica Plain,2729.5,1893.7,1606.5,116676.0,481931.0,598607.0,630932.1,2729.5,2129.4,1565.7,0.3,0.4,4.0,0.0,319.8679670056271,9530.0,3176.0
0,Jamaica Plain,6241.8,1736.6,599.5,143230.0,430545.0,573775.0,463649.4,6241.8,2396.3,1715.9,-0.2,0.0,1.4,0.3,41092.930012545155,9530.0,3176.0
0,Jamaica Plain,726.8,1919.6,1793.5,0.0,331500.0,331500.0,349401.1,726.8,726.8,726.8,0.9,0.1,3.8,0.0,457.12909428306057,9530.0,3176.0
0,Jamaica Plain,721.1,1920.5,1788.0,0.0,323180.0,323180.0,340631.8,721.1,721.1,721.1,0.9,0.0,4.9,0.0,475.2954516482244,9530.0,3176.0
0,Jamaica Plain,2064.7,1761.7,402.0,70820.0,496930.0,567750.0,586161.1,2064.7,1782.8,1327.9,1.4,0.0,2.3,0.1,11980.540619465984,9530.0,3176.0
0,Jamaica Plain,1415.6,1956.0,802.5,22090.0,581270.0,603360.0,635941.6,1415.6,1760.3,1571.3,2.6,0.6,3.0,0.0,414.67774714885053,9530.0,3176.0
0,Jamaica Plain,2361.0,1920.2,1403.5,122280.0,619450.0,741730.0,781783.7,2361.0,3222.4,2263.3,-0.7,0.2,5.0,0.0,281.2370929797099,9530.0,3176.0
0,Jamaica Plain,2244.4,1926.5,799.0,86370.0,399123.0,485493.0,511709.8,2244.4,1928.7,1356.9,0.3,0.1,4.5,0.0,306.49326744116723,9530.0,3176.0
0,Jamaica Plain,1788.2,1901.0,1593.4,63180.0,436210.0,499390.0,526357.2,1788.2,1836.5,1513.4,0.4,-0.1,5.3,0.0,371.9730625066565,9530.0,3176.0
0,Jamaica Plain,2951.2,1909.5,1194.1,154177.6,534202.4,688380.0,725552.7,2951.2,4000.1,2648.9,-0.4,0.0,5.3,0.0,237.9350429923848,9530.0,3176.0
0,Jamaica Plain,1252.2,1914.2,1999.2,0.0,476730.0,476730.0,502473.6,1252.2,1252.2,1252.2,1.5,0.2,4.0,0.0,395.26993398869365,9530.0,3176.0
0,Jamaica Plain,1712.3,1923.6,1607.3,41770.0,504410.0,546180.0,575673.7,1712.3,2022.4,1612.6,0.7,0.2,3.5,0.0,345.78858758472563,9530.0,3176.0
0,Jamaica Plain,3241.4,1902.6,601.2,183680.0,594980.0,778660.0,820707.8,3241.4,5099.1,3257.3,-0.6,0.1,4.0,0.0,174.3766805322706,9530.0,3176.0
0,Jamaica Plain,3421.2,1902.7,1000.6,196340.0,554860.0,751200.0,926403.2,3421.2,5701.5,3660.6,-1.0,-0.2,3.6,0.0,130.40342342865785,9530.0,3176.0
0,Jamaica Plain,1632.8,1340.0,802.6,29500.0,342340.0,371840.0,391919.5,1632.8,1146.0,968.9,1.4,0.0,2.4,0.0,8636.484236666103,9530.0,3176.0
0,Jamaica Plain,2381.1,1942.4,1607.6,98300.0,446060.0,544360.0,573755.6,2381.1,2504.6,1847.1,0.4,0.0,2.3,0.0,292.5374994593855,9530.0,3176.0
0,Jamaica Plain,2008.3,1932.9,1195.8,78750.0,482300.0,561050.0,591347.0,2008.3,2407.5,1792.4,0.8,0.3,5.0,0.0,304.2571319107941,9530.0,3176.0
0,Jamaica Plain,1372.4,1716.5,1599.1,23490.0,340469.9,363959.9,383613.7,1372.4,1341.7,1186.6,-0.2,-0.1,2.3,0.0,4225.9062600352245,9530.0,3176.0
0,Jamaica Plain,1032.5,1904.0,1992.4,0.0,403050.0,403050.0,424814.9,1032.5,1032.5,1032.5,0.6,0.1,3.3,0.0,392.71324365521343,9530.0,3176.0
0,Jamaica Plain,1590.2,1928.0,1403.2,56330.0,478880.0,535210.0,564111.6,1590.2,2141.1,1563.5,1.8,0.4,3.5,0.0,371.5941459005672,9530.0,3176.0
0,Jamaica Plain,2629.0,1910.9,1597.7,150130.0,691990.0,842120.0,1089591.5,2629.0,5309.5,4103.2,0.3,0.1,2.3,0.0,318.22857512033687,9530.0,3176.0
0,Jamaica Plain,2200.6,1900.0,1403.0,111684.0,526326.0,638010.0,672462.6,2200.6,3519.1,2409.2,0.6,0.2,2.5,0.0,259.91359420035303,9530.0,3176.0
0,Jamaica Plain,1529.7,1900.5,1599.5,40790.0,467600.0,508390.0,535843.2,1529.7,1988.7,1575.7,0.7,0.0,2.4,0.0,341.0364852678016,9530.0,3176.0
0,Jamaica Plain,3216.2,1721.5,201.5,189800.0,497760.0,687560.0,724688.4,3216.2,4877.6,3033.5,-1.0,-0.1,4.3,0.0,2538.4696284745596,9530.0,3176.0
0,Jamaica Plain,2738.1,1533.1,600.0,110000.0,405400.0,515400.0,543231.7,2738.1,2563.3,1758.5,-0.1,0.0,2.5,0.0,7445.19277231314,9530.0,3176.0
0,Jamaica Plain,2093.8,1937.6,1202.1,55740.0,521730.0,577470.0,608653.5,2093.8,2213.4,1661.4,1.2,0.6,2.5,0.0,308.99092403216,9530.0,3176.0
0,Jamaica Plain,2714.0,1921.9,802.1,127115.4,614595.3,741710.7,781763.2,2714.0,3929.9,2735.6,0.0,0.4,3.0,0.0,248.33540004590614,9530.0,3176.0
0,Jamaica Plain,3472.8,1535.9,1399.8,139920.0,328670.0,468590.0,821668.4,3472.8,4117.9,2516.1,-0.9,-0.7,0.6,0.0,61960.06649373258,9530.0,3176.0
0,Jamaica Plain,3725.2,1929.2,1195.1,145734.8,255182.5,400917.3,670031.5,3725.2,3275.0,1756.7,-1.0,-0.5,1.8,0.0,143.07039256504547,9530.0,3176.0
0,Jamaica Plain,4490.5,1944.4,1203.8,167480.0,529690.0,697170.0,734817.3,4490.5,2979.7,1937.0,-0.6,0.3,5.5,0.0,246.84152837750653,9530.0,3176.0
0,Jamaica Plain,4833.333333333333,1947.0,0.0,185300.0,423066.6666666667,608366.6666666666,641218.6666666666,4833.333333333333,2521.6666666666665,1632.0,-1.0,0.3333333333333333,6.0,0.0,239.23464328060618,9530.0,3176.0
0,North End,787.5,1909.0,1799.0,203090.0,607370.0,810460.0,854225.0,787.5,2001.3,1607.8,-0.2,-0.2,1.5,0.0,552.1553468393183,3279.0,1093.0
0,North End,921.3,1923.1,1995.2,200320.0,698770.0,899090.0,971293.9,921.3,2531.3,2124.9,0.8,0.0,1.9,0.0,571.8849473437081,3279.0,1093.0
0,North End,1212.0,1888.0,1790.4,207890.0,636790.0,844680.0,1095410.7,1212.0,2801.5,2430.5,1.1,-0.3,3.2,0.0,500.7508106619475,3279.0,1093.0
0,North End,901.2,1903.4,1599.4,289870.0,840910.0,1130780.0,1243544.0,901.2,3432.9,2740.7,-0.6,-0.5,0.7,0.0,376.5800984505333,3279.0,1093.0
0,North End,1285.2,1521.3,1606.3,365540.0,823240.0,1188780.0,431813.3,1285.2,5397.2,4383.5,0.2,-0.4,-0.4,0.6,11607.229252409916,3279.0,1093.0
0,North End,1647.9,1904.9,1999.4,310650.0,915880.0,1226530.0,1714518.3,1647.9,4724.0,3708.6,0.6,-0.2,1.8,0.1,421.8076162357244,3279.0,1093.0
0,North End,2431.3,1712.8,1806.3,464930.0,1211210.0,1676140.0,812351.1,2431.3,4965.1,4241.9,0.0,-0.4,1.8,0.4,67634.19459400665,3279.0,1093.0
0,North End,1161.8,1910.2,1998.1,0.0,678690.0,678690.0,715339.4,1161.8,1161.8,1161.8,1.2,0.3,5.3,0.0,568.9474417791138,3279.0,1093.0
0,North End,935.8,2002.0,201.7,0.0,264200.0,264200.0,278467.0,935.8,935.8,935.8,0.6,0.2,4.9,0.0,349.48509313759416,3279.0,1093.0
0,North End,964.7,1897.1,1991.9,192640.0,727640.0,920280.0,1031856.8,964.7,2523.4,2101.0,1.5,-0.3,3.9,0.0,546.1877369561387,3279.0,1093.0
0,North End,980.8,1897.2,2003.4,137710.0,734880.0,872590.0,1002335.7,980.8,1962.3,1670.3,1.3,0.2,1.4,0.0,602.3429668039582,3279.0,1093.0
0,North End,784.5,1899.0,1994.0,89390.0,648400.0,737790.0,777630.6,784.5,1459.3,1316.3,1.3,-0.2,0.6,0.0,628.6072125832903,3279.0,1093.0
0,North End,560.7,1902.5,1996.8,38310.0,371490.0,409800.0,431929.3,560.7,822.2,745.2,1.1,-0.1,0.4,0.0,738.6837534599673,3279.0,1093.0
0,North End,1074.6,1906.8,1993.8,314600.0,1039080.0,1353680.0,1464265.6,1074.6,3683.1,3096.2,0.4,-0.5,-0.5,0.0,504.26706727933305,3279.0,1093.0
0,North End,578.2,1900.0,1980.0,0.0,420150.0,420150.0,442838.1,578.2,578.2,578.2,0.0,0.0,0.0,0.0,737.3585375781486,3279.0,1093.0
0,North End,1150.7,1996.9,403.4,44200.0,993064.0,1037264.0,1093276.4,1150.7,1675.6,1533.1,2.6,0.8,0.8,0.0,757.7005307393179,3279.0,1093.0
0,North End,878.0,2005.0,0.0,0.0,643180.0,643180.0,677912.0,878.0,878.0,878.0,3.0,1.0,1.0,0.0,739.1846016011303,3279.0,1093.0
0,North End,880.5,2005.0,0.0,0.0,686610.0,686610.0,723687.0,880.5,880.5,880.5,3.0,1.0,1.0,0.0,774.2978865256656,3279.0,1093.0
0,North End,875.1,2005.0,0.0,0.0,691090.0,691090.0,728409.0,875.1,875.1,875.1,3.0,1.0,1.0,0.0,785.5656540264246,3279.0,1093.0
0,North End,1287.7,2005.0,201.1,0.0,1187360.0,1187360.0,1251477.4,1287.7,1287.7,1287.7,2.8,1.0,1.0,0.0,912.6751962485499,3279.0,1093.0
0,North End,1502.6,1960.5,999.9,246880.0,952510.0,1199390.0,1452998.8,1502.6,4195.3,3535.0,0.8,0.0,0.0,0.0,562.3969623654596,3279.0,1093.0
0,North End,2067.2,1908.8,1794.2,483795.0,1125489.0,1609284.0,2288542.9,2067.2,8737.0,7093.1,-1.0,-0.8,0.4,0.0,208.31805779446228,3279.0,1093.0
0,North End,1992.0,1339.9,1401.6,232220.0,650400.0,882620.0,971084.6,1992.0,2230.1,1966.5,0.5,-0.6,0.8,0.1,134759.6275660591,3279.0,1093.0
0,North End,418.3,1920.0,2006.0,0.0,343070.0,343070.0,361595.7,418.3,418.3,418.3,2.4,0.0,1.0,0.0,829.6909713589578,3279.0,1093.0
0,North End,491.7,1536.0,1594.0,0.0,336370.0,336370.0,429942.8,491.7,339.2,339.2,1.2,-0.2,0.2,0.0,52831.64617604621,3279.0,1093.0
0,North End,712.9,1920.0,1987.1,69530.0,552020.0,621550.0,757750.8,712.9,1551.6,1375.5,1.1,0.0,-0.1,0.0,701.5840799438143,3279.0,1093.0
0,North End,1133.6,1712.3,1806.6,119020.0,950230.0,1069250.0,1517196.2,1133.6,2405.4,2090.2,1.6,0.4,0.4,0.0,42451.159215635555,3279.0,1093.0
0,North End,2516.2,1912.9,1798.9,462264.3,1091826.7,1554091.0,2806496.5,2516.2,5426.1,4308.7,-0.6,-0.6,-0.6,0.0,109736.71992099364,3279.0,1093.0
0,North End,2463.1,1719.0,1797.9,877739.8,1668239.8,2545979.6,4129686.4,2463.1,9646.3,7957.6,-0.4,-0.7,-0.7,0.0,17207.8653949425,3279.0,1093.0
0,North End,307.1,1887.0,1980.0,0.0,271250.0,271250.0,285897.4,307.1,307.1,307.1,0.0,0.0,0.0,0.0,892.0040375304756,3279.0,1093.0
0,North End,654.7,1514.0,1587.3,0.0,350680.0,350680.0,474524.1,654.7,342.4,342.4,-0.2,-0.2,-0.2,0.0,73228.5048927573,3279.0,1093.0
0,North End,984.3,1713.8,1795.4,91234.0,575909.7,667143.7,906469.5,984.3,1635.6,1430.8,0.2,0.0,1.2,0.0,32933.857236179676,3279.0,1093.0
0,Allston,4569.8,1918.5,599.2,322720.0,852820.0,1175540.0,1239019.1,4569.8,5336.1,3190.7,-1.0,-0.1,5.3,0.0,220.73022086034808,3582.0,1194.0
0,Allston,5234.4,1920.0,2012.7,571147.4,1499139.2,2070286.6,2616561.4,5234.4,16465.0,13082.9,-1.0,-1.0,-1.0,0.0,114.29822285379078,3582.0,1194.0
0,Allston,1689.0,1928.0,1988.0,154581.0,409993.2,564574.2,620696.4,1689.0,4433.0,3665.8,0.1,-0.2,4.6,0.0,385.6364014767474,3582.0,1194.0
0,Allston,775.7,1930.0,1977.2,0.0,343310.0,343310.0,361848.7,775.7,775.7,775.7,0.3,0.0,6.0,0.0,454.3491922597549,3582.0,1194.0
0,Allston,2168.5,1929.0,1993.4,270131.2,921562.4,1191693.6,1311794.4,2168.5,7517.0,6209.3,0.3,-0.3,3.9,0.0,404.9849196653114,3582.0,1194.0
0,Allston,553.8,1930.0,1987.1,0.0,292720.0,292720.0,308526.9,553.8,553.8,553.8,0.3,0.0,6.0,0.0,530.4978820209316,3582.0,1194.0
0,Allston,1012.9,1934.0,1978.6,73768.4,313991.1,387759.5,408698.6,1012.9,2140.0,1816.4,0.2,-0.1,5.3,0.0,460.9754522407582,3582.0,1194.0
0,Allston,1822.0,1933.5,1990.1,210610.3,359331.3,569941.6,600718.5,1822.0,5091.9,4157.7,-0.3,-0.3,3.9,0.0,374.50263115932796,3582.0,1194.0
0,Allston,2436.2,1729.0,1794.8,291660.7,456201.9,747862.6,788247.1,2436.2,7110.0,5789.1,0.8,-0.4,3.2,0.0,294.2296689184236,3582.0,1194.0
0,Allston,682.0,1920.0,1984.3,0.0,295720.0,295720.0,311688.9,682.0,682.0,682.0,2.0,0.0,6.0,0.0,450.3418614152414,3582.0,1194.0
0,Allston,3463.9,1918.0,1993.7,280230.0,1206080.0,1486310.0,1645710.4,3463.9,8606.5,6589.9,0.5,-0.5,2.5,0.0,331.77839219970923,3582.0,1194.0
0,Allston,4388.4,1915.4,1393.0,465258.4,1337935.6,1803194.0,1948670.6,4388.4,14420.3,11190.5,-1.0,-0.6,1.8,0.0,200.74692521758263,3582.0,1194.0
0,Allston,4888.5,1898.5,1602.6,254948.2,627468.4,882416.6,930067.3,4888.5,15667.0,12177.8,-0.4,0.1,1.4,0.0,259.6323991771022,3582.0,1194.0
0,Allston,4516.6,1891.3,1200.8,229760.0,639680.0,869440.0,916389.8,4516.6,4407.3,2619.5,-1.0,0.2,2.5,0.0,203.06837696119348,3582.0,1194.0
0,Allston,19555.2,1888.5,1605.4,2422878.0,5037358.9,7460236.9,884397.6,19555.2,39886.0,28744.3,-1.0,0.1,1.8,0.2,182.70048705238707,3582.0,1194.0
0,Allston,4122.9,1920.0,1984.6,350726.6,1187191.4,1537918.0,681668.7,4122.9,10374.0,8625.2,-0.4,0.2,2.0,0.2,369.3617090422082,3582.0,1194.0
0,Allston,503.5,1920.0,1984.0,0.0,311920.0,311920.0,328763.8,503.5,503.5,503.5,0.6,1.0,4.0,0.0,629.8573121462975,3582.0,1194.0
0,Allston,511.5,1920.0,1984.0,0.0,308180.0,308180.0,324821.6,511.5,511.5,511.5,0.0,1.0,4.0,0.0,621.718177279832,3582.0,1194.0
0,Allston,526.9,1920.0,1984.0,0.0,303420.0,303420.0,319804.7,526.9,526.9,526.9,0.0,1.0,4.0,0.0,585.4414475101239,3582.0,1194.0
0,Allston,500.1,1920.0,1984.0,0.0,317710.0,317710.0,334866.3,500.1,500.1,500.1,0.3,1.0,4.0,0.0,644.1551553686651,3582.0,1194.0
0,Allston,628.3,1920.0,1983.2,0.0,335940.0,335940.0,354080.9,628.3,628.3,628.3,0.9,1.0,3.4,0.0,586.9537090467311,3582.0,1194.0
0,Allston,680.2,1920.0,1985.3,0.0,393640.0,393640.0,414896.6,680.2,680.2,680.2,0.9,1.0,3.4,0.0,608.0756269806102,3582.0,1194.0
0,Allston,705.5,1920.0,1983.0,0.0,366530.0,366530.0,386322.6,705.5,705.5,705.5,0.3,1.0,4.0,0.0,548.0417306346279,3582.0,1194.0
0,Allston,631.8,1920.0,1983.2,0.0,350970.0,350970.0,369922.4,631.8,631.8,631.8,0.3,1.0,3.7,0.0,585.561741047765,3582.0,1194.0
0,Allston,517.0,1920.0,1984.0,0.0,303200.0,303200.0,319573.0,517.0,517.0,517.0,0.3,1.0,4.0,0.0,592.8761296094601,3582.0,1194.0
0,Allston,514.1,1920.0,1983.9,0.0,312590.0,312590.0,329469.8,514.1,514.1,514.1,0.3,1.0,3.7,0.0,618.6561807652192,3582.0,1194.0
0,Allston,520.0,1920.0,1986.5,0.0,295340.0,295340.0,311288.2,520.0,520.0,520.0,1.2,1.0,3.7,0.0,604.591006169613,3582.0,1194.0
0,Allston,537.3,1920.0,1984.0,0.0,316020.0,316020.0,333085.2,537.3,537.3,537.3,0.0,1.0,4.0,0.0,598.2147899233776,3582.0,1194.0
0,Allston,5300.4,1910.1,1589.6,161430.0,640090.0,801520.0,984775.0,5300.4,3579.0,2343.9,-0.2,0.5,3.5,0.0,438.16928901401127,3582.0,1194.0
0,Allston,3780.1,1896.4,1201.1,182550.0,720160.0,902710.0,951456.5,3780.1,4599.1,3039.4,-0.4,0.1,5.0,0.0,214.52736074530577,3582.0,1194.0
0,Allston,2113.7,1896.9,1592.1,89870.0,593640.0,683510.0,720419.5,2113.7,2514.0,1877.4,-0.1,0.0,5.5,0.0,355.74794014987094,3582.0,1194.0
0,Allston,2627.6,1901.1,797.0,151650.0,624880.0,776530.0,754316.2,2627.6,3446.9,2436.1,-0.4,-0.1,4.8,0.1,276.7874820204068,3582.0,1194.0
0,Allston,5611.4,1906.0,1396.2,487440.0,859670.0,1347110.0,1419854.0,5611.4,7218.1,5127.7,-1.0,-0.3,1.7,0.0,195.74480699392535,3582.0,1194.0
0,Allston,1568.9,1713.3,1602.1,62090.0,536710.0,598800.0,946797.2,1568.9,1862.2,1263.2,1.8,0.5,0.6,0.0,76504.14651375373,3582.0,1194.0
0,Allston,1868.0,1901.7,1801.5,65040.0,542100.0,607140.0,787490.0,1868.0,2226.3,1551.3,2.2,0.7,0.8,0.0,468.24147795580075,3582.0,1194.0
0,Roxbury,874.6,1520.0,1591.0,2850.0,202570.0,205420.0,216512.8,874.6,636.6,636.6,-0.2,0.5,0.6,0.0,3105.6217865733092,7296.0,2432.0
0,Roxbury,1404.9,1929.8,1998.0,14680.0,300710.0,315390.0,332421.1,1404.9,1512.7,1397.3,0.8,0.0,3.5,0.0,226.6757173721366,7296.0,2432.0
0,Roxbury,1964.7,1582.8,1202.5,62880.0,544590.0,607470.0,640273.4,1964.7,2968.3,2535.1,1.2,-0.1,0.9,0.0,2998.7503323248707,7296.0,2432.0
0,Roxbury,2226.4,1954.6,994.6,103780.0,481590.0,585370.0,616980.3,2226.4,3598.6,2683.6,-0.2,0.3,3.5,0.0,175.63795059504352,7296.0,2432.0
0,Roxbury,1408.5,1906.4,1194.0,100250.0,634750.0,735000.0,76910.4,1408.5,4597.0,3650.7,-1.0,-0.1,5.3,0.9,163.07397998574544,7296.0,2432.0
0,Roxbury,11865.5,1931.7,1207.6,182188.8,471963.8,654152.6,815070.7,11865.5,3150.5,2341.1,0.2,0.3,0.8,0.0,298.5341854769232,7296.0,2432.0
0,Roxbury,11303.6,1926.0,799.9,206950.0,325330.0,532280.0,644752.3,11303.6,3358.3,2122.2,-1.0,-0.1,3.1,0.0,217.27779296787565,7296.0,2432.0
0,Roxbury,6748.7,1915.2,1004.6,143646.1,468454.7,612100.8,645154.5,6748.7,4256.8,2949.3,-0.8,0.1,3.8,0.0,163.89620807324624,7296.0,2432.0
0,Roxbury,2939.3,1900.7,802.8,112051.0,398366.0,510417.0,537979.4,2939.3,3515.1,2515.9,-0.7,0.0,4.3,0.0,160.5104688438672,7296.0,2432.0
0,Roxbury,2464.8,1904.7,997.5,125384.6,514894.0,640278.6,633284.0,2464.8,4268.3,2953.7,-1.0,0.2,3.7,0.1,149.7992084432747,7296.0,2432.0
0,Roxbury,1724.9,1353.5,1207.2,79550.0,425488.0,505038.0,532310.0,1724.9,2855.9,2122.5,-0.9,-0.3,1.2,0.0,6457.062128951428,7296.0,2432.0
0,Roxbury,2726.5,1979.4,201.7,44100.0,445624.4,489724.4,516169.5,2726.5,2835.9,2153.9,1.2,0.5,4.0,0.0,209.34524627209095,7296.0,2432.0
0,Roxbury,4615.4,1963.0,396.6,82940.0,430888.0,513828.0,541574.9,4615.4,3528.3,2370.2,0.1,0.2,4.0,0.0,178.2553763645678,7296.0,2432.0
0,Roxbury,4821.0,1894.4,800.4,117230.0,352510.0,469740.0,495105.9,4821.0,3912.3,2512.6,-0.8,0.0,5.0,0.0,140.23971150245512,7296.0,2432.0
0,Roxbury,2575.2,1135.1,199.2,55830.0,250540.0,306370.0,322914.0,2575.2,1930.3,1414.0,-0.5,-0.4,3.2,0.0,11908.515961745423,7296.0,2432.0
0,Roxbury,2276.7,760.9,400.3,54230.0,96090.0,150320.0,200402.6,2276.7,706.4,526.9,-1.0,-0.6,0.6,0.3,14449.481766826348,7296.0,2432.0
0,Roxbury,3051.3,1369.9,0.0,61160.0,258140.0,319300.0,320700.7,3051.3,1649.7,1187.5,0.6,0.1,1.9,0.1,20742.159111634985,7296.0,2432.0
0,Roxbury,2909.6,1125.4,598.0,80780.0,236300.0,317080.0,334202.4,2909.6,2432.1,1741.5,-1.0,-0.3,1.2,0.0,7797.763255704178,7296.0,2432.0
0,Roxbury,2258.4,1515.5,200.0,91760.0,231770.0,323530.0,324495.1,2258.4,2629.2,1863.8,-0.7,-0.2,4.6,0.1,17793.402892791393,7296.0,2432.0
0,Roxbury,71875.2,1730.5,1395.0,1551013.7,2996891.3,4547905.0,1683707.3,71875.2,8768.2,6975.5,-0.8,-0.6,0.6,0.4,975684.7414207536,7296.0,2432.0
0,Roxbury,2098.3,1709.4,994.3,86460.7,278686.6,365147.3,392586.5,2098.3,1886.5,1302.3,-0.9,-0.3,3.3,0.0,35807.936232290536,7296.0,2432.0
0,Roxbury,2779.9,1697.0,1201.8,107020.0,442310.0,549330.0,578993.6,2779.9,3460.9,2614.1,-0.8,0.2,3.8,0.0,1646.0905714460816,7296.0,2432.0
0,Roxbury,2509.8,1524.9,1405.4,79990.0,299858.0,379848.0,400359.8,2509.8,1663.5,1219.1,0.0,0.2,4.1,0.0,3078.2855122040382,7296.0,2432.0
0,Roxbury,4228.7,1722.5,1400.4,120150.0,337890.0,458040.0,430812.0,4228.7,2923.2,1948.9,-0.7,-0.1,2.0,0.2,19092.72623153735,7296.0,2432.0
0,Roxbury,4352.0,1326.4,1194.9,96000.0,244890.0,340890.0,267937.5,4352.0,2270.0,1565.6,-0.7,-0.4,0.9,0.3,14236.007544813812,7296.0,2432.0
0,Roxbury,1489.5,1900.0,1991.5,8930.0,442330.0,451260.0,475628.3,1489.5,1672.0,1426.6,0.2,-0.1,-0.1,0.0,304.9598635917419,7296.0,2432.0
0,Roxbury,1442.6,1996.6,803.7,0.0,492290.0,492290.0,518873.9,1442.6,1442.6,1442.6,3.0,1.0,1.0,0.0,350.49970624561877,7296.0,2432.0
0,Roxbury,1293.6,1902.9,2000.1,25180.0,424329.2,449509.2,473782.8,1293.6,1955.9,1648.9,0.7,0.5,4.0,0.0,299.8097841808691,7296.0,2432.0
0,Roxbury,1068.4,1897.6,1990.0,43830.0,378940.0,422770.0,480850.1,1068.4,2211.9,1783.0,-0.1,0.0,3.5,0.0,281.7313279610959,7296.0,2432.0
0,Roxbury,1688.0,573.0,596.1,12340.0,99680.0,112020.0,105062.8,1688.0,320.0,320.0,-0.7,-0.7,1.1,0.7,12438.892149858879,7296.0,2432.0
0,Roxbury,4916.6,1942.3,801.1,171310.0,647840.0,819150.0,863384.5,4916.6,5851.3,3826.8,-1.0,0.1,4.3,0.0,134.59190097677686,7296.0,2432.0
0,Roxbury,5536.5,1719.2,801.7,172661.9,340616.0,513277.9,540995.0,5536.5,4900.7,3281.5,-1.0,-0.2,3.6,0.0,1771.9568466049502,7296.0,2432.0
0,Roxbury,2815.1,1584.3,201.3,57030.0,482520.0,539550.0,568685.8,2815.1,2299.8,1872.5,1.0,0.4,2.1,0.0,5309.29976359622,7296.0,2432.0
0,Roxbury,2137.2,1995.6,201.1,29600.0,551850.0,581450.0,612848.6,2137.2,2078.1,1710.7,2.0,0.9,1.0,0.0,311.709588741933,7296.0,2432.0
0,Roxbury,5975.1,1564.1,1404.1,125540.0,294890.0,420430.0,546464.7,5975.1,3207.8,2098.5,-0.1,-0.1,3.9,0.1,8262.528125598967,7296.0,2432.0
0,Roxbury,6843.6,1784.8,1204.5,115790.0,463280.0,579070.0,610339.9,6843.6,3848.9,2823.9,-0.2,0.6,3.7,0.0,22843.767761655938,7296.0,2432.0
0,Roxbury,6951.9,1901.3,1399.2,128180.0,407780.0,535960.0,564902.0,6951.9,3670.0,2451.9,-0.3,0.3,5.3,0.0,212.46877336788438,7296.0,2432.0
0,Roxbury,3122.6,1923.1,1404.2,155600.0,722710.0,878310.0,925738.8,3122.6,1848.6,1848.6,0.1,0.2,0.6,0.0,441.53687873246207,7296.0,2432.0
0,Roxbury,83366.1,1785.9,601.4,953160.0,1437630.0,2390790.0,2519892.7,83366.1,7402.5,5015.5,-0.5,-0.6,0.0,0.0,18840.621148566515,7296.0,2432.0
0,Roxbury,812.9,1900.0,1985.0,0.0,291260.0,291260.0,306988.1,812.9,812.9,812.9,0.3,0.0,6.0,0.0,390.358466412801,7296.0,2432.0
0,Roxbury,2482.7,1889.0,1396.9,59240.0,373980.0,433220.0,456613.8,2482.7,2148.9,1620.3,0.2,0.3,4.5,0.0,291.6877637299745,7296.0,2432.0
0,Roxbury,4154.4,1805.4,0.0,40870.0,449220.0,490090.0,473477.9,4154.4,1245.7,1245.7,1.4,0.8,0.8,0.1,41206.60912385465,7296.0,2432.0
0,Roxbury,4368.6,1776.6,402.6,92750.0,291840.0,384590.0,386765.4,4368.6,2524.5,1817.5,-0.2,0.0,4.4,0.1,17848.85293777832,7296.0,2432.0
0,Roxbury,1373.1,1974.9,602.1,0.0,532590.0,532590.0,561350.0,1373.1,1373.1,1373.1,2.4,0.8,2.0,0.0,386.70150178067286,7296.0,2432.0
0,Roxbury,3468.6,1738.5,997.4,75930.0,418250.0,494180.0,520865.7,3468.6,1898.9,1552.4,0.5,0.3,3.8,0.0,22276.616775350936,7296.0,2432.0
0,Roxbury,1931.9,1521.5,597.2,85330.0,316490.0,401820.0,423518.4,1931.9,2689.3,1897.9,-0.9,-0.2,4.1,0.0,7542.303824042341,7296.0,2432.0
0,Roxbury,4774.2,1188.8,605.1,117000.0,433684.4,550684.4,602847.6,4774.2,2378.2,2033.2,0.2,-0.2,1.0,0.1,73248.5341505557,7296.0,2432.0
0,Roxbury,3260.3,1607.6,0.0,62430.0,511410.0,573840.0,583410.3,3260.3,2412.8,2188.8,-0.1,0.6,0.6,0.2,20530.359802207506,7296.0,2432.0
0,Roxbury,3366.0,390.8,0.0,81350.0,34860.0,116210.0,116719.9,3366.0,1332.8,936.0,-1.0,-0.9,-0.3,0.2,73284.64255223067,7296.0,2432.0
0,Roxbury,3267.1,1938.7,1606.6,81270.0,423910.0,505180.0,532459.7,3267.1,3203.2,2473.6,0.1,0.2,3.8,0.0,212.94475136430157,7296.0,2432.0
0,Roxbury,27250.1,1728.0,1003.1,530451.5,447952.5,978404.0,308288.6,27250.1,6127.6,4701.8,0.2,0.1,3.9,0.2,1970.6560596618824,7296.0,2432.0
0,Roxbury,2503.0,1994.1,200.4,108600.0,363900.0,472500.0,498015.2,2503.0,3281.1,2265.0,-1.0,0.9,1.5,0.0,151.21552192952834,7296.0,2432.0
0,Roxbury,3241.9,1568.6,802.2,102260.0,278760.0,381020.0,597618.8,3241.9,3399.7,2297.7,-1.0,-0.2,-0.2,0.1,7002.403441340311,7296.0,2432.0
0,Roxbury,2587.4,1326.4,596.6,77110.0,226340.0,303450.0,311509.9,2587.4,2325.1,1494.2,-1.0,-0.3,3.0,0.3,7990.107548245629,7296.0,2432.0
0,Roxbury,2968.2,1728.0,798.6,116089.5,266079.5,382169.0,418208.2,2968.2,3159.3,2156.3,-1.0,-0.2,1.9,0.0,3093.8843641329768,7296.0,2432.0
0,Roxbury,2252.9,1932.8,1809.9,45340.0,440929.6,486269.6,512528.3,2252.9,2262.2,1609.3,0.8,0.6,1.9,0.0,249.4362149359064,7296.0,2432.0
0,Roxbury,2412.0,1749.0,1205.6,67286.7,397911.5,465198.2,490319.0,2412.0,2369.5,1715.5,0.2,0.2,2.5,0.0,2308.6753733795244,7296.0,2432.0
0,Roxbury,10625.8,1130.0,399.2,198100.0,151010.0,349110.0,361100.4,10625.8,1300.2,820.6,-1.0,-0.4,2.7,0.2,146966.81129384838,7296.0,2432.0
0,Roxbury,2028.3,1962.2,1005.8,45620.0,549950.0,595570.0,627731.2,2028.3,2830.6,2244.7,1.4,0.6,2.5,0.0,254.3767421242961,7296.0,2432.0
0,Roxbury,2355.5,1761.4,805.2,50650.0,473900.0,524550.0,551568.7,2355.5,2189.5,1683.5,0.6,0.4,2.3,0.1,1488.7138161896598,7296.0,2432.0
0,Roxbury,1207.6,0.0,0.0,14840.0,0.0,14840.0,0.0,1207.6,0.0,0.0,-1.0,-1.0,-1.0,1.0,14840.0,7296.0,2432.0
0,Roxbury,2386.8,188.5,0.0,37470.0,45320.0,82790.0,73853.8,2386.8,504.5,308.2,-1.0,-0.9,-0.3,0.7,18552.732857709074,7296.0,2432.0
0,Roxbury,2386.2,952.0,0.0,79895.3,223099.6,302994.9,316194.5,2386.2,2885.6,2010.3,-1.0,-0.5,1.9,0.3,8872.324609091087,7296.0,2432.0
0,Roxbury,1530.6,1593.3,199.8,15920.0,316460.0,332380.0,346607.9,1530.6,1425.1,1276.2,1.8,-0.2,4.6,0.2,3722.7981848662994,7296.0,2432.0
0,Roxbury,1240.9,1959.4,595.9,22610.0,316550.0,339160.0,357474.8,1240.9,1791.1,1418.1,1.6,0.0,6.0,0.0,209.72291119489722,7296.0,2432.0
0,Roxbury,6178.3,1323.0,401.3,105780.0,303790.0,409570.0,372441.5,6178.3,2038.8,1532.6,0.3,-0.2,1.9,0.2,60687.58093918943,7296.0,2432.0
0,Roxbury,3497.0,1200.8,0.0,42190.0,240520.0,282710.0,272543.4,3497.0,1063.2,983.2,1.0,-0.2,0.2,0.2,31631.120012639283,7296.0,2432.0
0,Roxbury,3626.2,1945.4,1398.7,85760.0,548180.0,633940.0,668173.1,3626.2,3199.3,2401.8,1.0,0.4,4.3,0.0,254.60261605128363,7296.0,2432.0
0,Roxbury,2249.0,1901.4,1204.1,66940.0,444150.0,511090.0,538688.9,2249.0,2336.4,1762.3,0.9,0.5,3.0,0.0,354.70996380411935,7296.0,2432.0
0,Roxbury,2942.5,1899.5,1598.7,81460.0,404480.0,485940.0,512180.7,2942.5,2572.8,1772.2,0.7,0.1,5.0,0.0,292.22547065843185,7296.0,2432.0
0,Roxbury,3916.7,1738.6,400.9,117320.0,442230.0,559550.0,589765.7,3916.7,3863.6,2644.6,-0.2,0.0,3.6,0.0,2714.656239058123,7296.0,2432.0
0,Roxbury,2794.4,1927.2,1001.7,80530.0,486510.0,567040.0,597660.3,2794.4,3120.8,2145.6,0.6,0.5,4.5,0.0,208.1338096134332,7296.0,2432.0
0,Roxbury,2247.285714285714,1911.857142857143,861.4285714285714,70557.14285714286,406785.71428571426,477342.85714285716,503119.4285714286,2247.285714285714,2961.285714285714,1831.7142857142858,0.7142857142857143,0.42857142857142855,3.142857142857143,0.0,202.51402900342126,7296.0,2432.0
0,West Roxbury,4900.0,1950.9,201.3,152790.0,361380.0,514170.0,541935.3,4900.0,2827.3,1674.0,-1.0,0.1,6.0,0.0,189.6220465564101,9151.0,3050.0
0,West Roxbury,5425.8,1921.1,603.2,170690.0,460940.0,631630.0,665738.2,5425.8,3979.9,2226.5,-1.0,0.2,5.0,0.0,166.37030619059632,9151.0,3050.0
0,West Roxbury,4460.2,1918.8,799.5,141780.0,470920.0,612700.0,645786.0,4460.2,4201.2,2500.5,-0.2,0.3,5.0,0.0,166.69067869925374,9151.0,3050.0
0,West Roxbury,4410.4,1918.1,1198.3,147350.0,461500.0,608850.0,641728.0,4410.4,3485.0,2239.1,-0.8,0.3,5.5,0.0,185.7179322559761,9151.0,3050.0
0,West Roxbury,4720.2,1918.7,998.0,142360.0,494800.0,637160.0,671566.7,4720.2,4245.5,2566.5,-0.5,0.0,5.0,0.0,171.67801266822698,9151.0,3050.0
0,West Roxbury,6166.3,1916.8,398.3,185260.0,504440.0,689700.0,726943.8,6166.3,4329.6,2485.5,-1.0,0.2,5.5,0.0,165.2403624902536,9151.0,3050.0
0,West Roxbury,5229.3,1930.9,1002.3,142630.0,410230.0,552860.0,582714.6,5229.3,2843.5,1767.1,-0.2,0.2,5.0,0.0,218.4564683324792,9151.0,3050.0
0,West Roxbury,5148.0,1916.0,403.2,165440.0,423060.0,588500.0,620279.3,5148.0,3659.8,2104.3,-1.0,0.0,5.5,0.0,161.43215105204,9151.0,3050.0
0,West Roxbury,5100.0,1915.7,804.1,168070.0,437420.0,605490.0,638186.6,5100.0,3674.4,2183.3,-1.0,0.2,6.0,0.0,172.86152870646785,9151.0,3050.0
0,West Roxbury,4379.6,1915.0,801.3,138990.0,493130.0,632120.0,666254.4,4379.6,4388.0,2576.7,-0.2,0.2,5.0,0.0,157.12288697900243,9151.0,3050.0
0,West Roxbury,4505.4,1915.9,200.2,138280.0,419300.0,557580.0,587689.6,4505.4,3598.5,2074.5,-0.8,0.0,6.0,0.0,171.53676991575202,9151.0,3050.0
0,West Roxbury,5281.4,1921.8,1200.8,142980.0,376540.0,519520.0,547574.3,5281.4,3090.4,1854.3,-0.5,0.0,6.0,0.0,173.6736824304411,9151.0,3050.0
0,West Roxbury,3868.2,1923.9,1203.8,106920.0,435240.0,542160.0,571436.7,3868.2,3089.5,1921.1,0.3,0.2,5.0,0.0,218.0629039020388,9151.0,3050.0
0,West Roxbury,5599.8,1927.2,600.0,181880.0,438910.0,620790.0,654312.6,5599.8,3954.4,2286.9,-1.0,0.0,6.0,0.0,160.3596415632431,9151.0,3050.0
0,West Roxbury,5172.0,1925.4,602.1,163540.0,395400.0,558940.0,589122.9,5172.0,3252.7,1946.2,-1.0,0.1,6.0,0.0,180.07655287377372,9151.0,3050.0
0,West Roxbury,5937.0,1927.9,803.0,172860.0,397650.0,570510.0,601317.7,5937.0,3265.4,1818.9,-1.0,0.2,6.0,0.0,177.368546105677,9151.0,3050.0
0,West Roxbury,5141.8,1922.7,1004.1,160300.0,393120.0,553420.0,583304.7,5141.8,2848.2,1689.3,-1.0,0.2,6.0,0.0,198.74103021453897,9151.0,3050.0
0,West Roxbury,5212.5,1922.6,0.0,170790.0,377220.0,548010.0,577602.8,5212.5,2816.5,1617.4,-1.0,0.0,6.0,0.0,198.77256890378618,9151.0,3050.0
0,West Roxbury,4799.5,1920.5,801.1,123260.0,426260.0,549520.0,579194.4,4799.5,2752.8,1933.8,-0.6,0.0,6.0,0.0,210.77579980622107,9151.0,3050.0
0,West Roxbury,6041.9,1920.6,602.4,197900.0,398580.0,596480.0,628690.1,6041.9,3253.8,1940.5,-1.0,0.2,6.0,0.0,187.07380215552243,9151.0,3050.0
0,West Roxbury,6653.5,1917.7,401.6,190280.0,463400.0,653680.0,688978.8,6653.5,3774.3,2285.5,-0.6,0.2,5.5,0.0,187.33728101391748,9151.0,3050.0
0,West Roxbury,6141.8,1922.5,798.1,208250.0,489690.0,697940.0,735628.8,6141.8,4585.8,2681.8,-1.0,0.2,6.0,0.0,159.90990697966635,9151.0,3050.0
0,West Roxbury,6931.0,1923.3,804.2,232840.0,489180.0,722020.0,761009.2,6931.0,4039.2,2379.2,-1.0,0.1,5.5,0.0,181.89099273884645,9151.0,3050.0
0,West Roxbury,5781.8,1924.9,1201.6,218210.0,419060.0,637270.0,671682.7,5781.8,3620.7,2142.6,-1.0,0.0,6.0,0.0,182.0146224877293,9151.0,3050.0
0,West Roxbury,6891.5,1919.1,598.2,220470.0,409670.0,630140.0,664167.7,6891.5,3419.4,1931.4,-1.0,0.0,6.0,0.0,192.17613873358465,9151.0,3050.0
0,West Roxbury,11510.2,1949.9,397.5,383880.0,906680.0,1290560.0,1251790.6,11510.2,8654.6,6870.5,-1.0,-0.3,2.8,0.1,159.3149935939076,9151.0,3050.0
0,West Roxbury,8454.1,1925.9,1397.3,274430.0,511870.0,786300.0,1271129.2,8454.1,5033.5,3044.6,-1.0,-0.3,3.2,0.0,157.7982075576925,9151.0,3050.0
0,West Roxbury,5887.2,1934.3,1004.9,167650.0,397890.0,565540.0,596079.4,5887.2,3399.5,1910.4,-1.0,0.4,5.0,0.0,174.64334320910046,9151.0,3050.0
0,West Roxbury,5194.8,1939.2,0.0,153380.0,304240.0,457620.0,482331.8,5194.8,2732.8,1546.1,-1.0,0.1,5.5,0.0,168.2871152989843,9151.0,3050.0
0,West Roxbury,8165.0,1918.9,998.3,177420.0,365620.0,543040.0,572364.2,8165.0,3024.8,1763.7,-1.0,0.0,5.5,0.0,180.68796958694605,9151.0,3050.0
0,West Roxbury,4646.9,1937.1,402.4,137010.0,299050.0,436060.0,459607.5,4646.9,2363.8,1311.0,-1.0,0.2,5.5,0.0,185.11077897315576,9151.0,3050.0
0,West Roxbury,5034.4,1931.1,401.3,152090.0,374280.0,526370.0,554794.3,5034.4,3114.7,1892.0,-1.0,0.0,6.0,0.0,175.9319049539543,9151.0,3050.0
0,West Roxbury,5890.0,1944.5,602.3,155440.0,352880.0,508320.0,535769.4,5890.0,2757.5,1541.4,-1.0,0.4,3.9,0.0,184.89725071422632,9151.0,3050.0
0,West Roxbury,3896.7,1940.8,401.9,137380.0,337940.0,475320.0,500987.5,3896.7,2502.4,1361.9,-1.0,0.2,5.5,0.0,191.62157503623956,9151.0,3050.0
0,West Roxbury,5801.7,1937.3,1000.5,167880.0,408010.0,575890.0,606988.2,5801.7,3103.5,1828.2,-1.0,0.2,5.5,0.0,193.90250166547509,9151.0,3050.0
0,West Roxbury,6068.5,1924.0,791.8,176240.0,418540.0,594780.0,626898.3,6068.5,3669.9,2169.8,-1.0,0.0,6.0,0.0,166.6153710315556,9151.0,3050.0
0,West Roxbury,6521.7,1930.7,402.0,143900.0,429170.0,573070.0,604015.9,6521.7,3121.7,1869.8,-0.2,0.2,5.0,0.0,210.60939553245504,9151.0,3050.0
0,West Roxbury,7689.6,1955.1,598.9,163478.0,468531.6,632009.6,666138.1,7689.6,3143.1,1853.3,-1.0,0.4,4.0,0.0,236.90957777180333,9151.0,3050.0
0,West Roxbury,9319.9,1934.9,1194.8,234890.0,511290.0,746180.0,1324420.5,9319.9,3412.1,2377.9,-0.8,-0.1,2.9,0.0,219.92068819823993,9151.0,3050.0
0,West Roxbury,10659.3,1910.5,601.0,225410.0,462390.0,687800.0,724941.3,10659.3,4491.7,2504.7,-1.0,0.1,6.0,0.0,161.18165999050902,9151.0,3050.0
0,West Roxbury,5854.5,1931.5,803.2,155900.0,361610.0,517510.0,545455.7,5854.5,3012.7,1629.7,-1.0,0.3,5.5,0.0,179.91934920098677,9151.0,3050.0
0,West Roxbury,6305.2,1922.5,0.0,180120.0,396490.0,576610.0,607747.0,6305.2,3678.8,2071.1,-1.0,0.0,4.5,0.0,160.8557385305794,9151.0,3050.0
0,West Roxbury,5062.0,1919.7,1004.0,131940.0,452120.0,584060.0,615599.3,5062.0,2997.5,2077.7,0.0,0.1,4.5,0.0,225.64650520951403,9151.0,3050.0
0,West Roxbury,6206.7,1932.3,801.8,163120.0,427540.0,590660.0,622555.9,6206.7,3163.8,1804.1,-1.0,0.2,5.5,0.0,187.69515544130505,9151.0,3050.0
0,West Roxbury,11159.5,1910.5,403.1,220860.0,503450.0,724310.0,763422.9,11159.5,4344.1,2504.4,-1.0,0.0,6.0,0.0,174.2395198483947,9151.0,3050.0
0,West Roxbury,9280.4,1911.2,1004.8,208300.0,457700.0,666000.0,701964.2,9280.4,3878.2,2277.9,-1.0,0.3,4.5,0.0,177.61596197924857,9151.0,3050.0
0,West Roxbury,6489.6,1914.1,1205.8,178990.0,426060.0,605050.0,637722.9,6489.6,3376.9,1956.9,-1.0,0.4,6.0,0.0,179.97574644523849,9151.0,3050.0
0,West Roxbury,4081.3,1908.5,1007.3,114980.0,428320.0,543300.0,572638.4,4081.3,3134.5,1937.2,0.2,0.3,4.0,0.0,234.7215269003576,9151.0,3050.0
0,West Roxbury,8445.7,1916.4,801.6,211180.0,517640.0,728820.0,768176.4,8445.7,4541.7,2483.5,-1.0,0.1,4.0,0.0,165.78678195683545,9151.0,3050.0
0,West Roxbury,10479.6,1904.0,1605.8,256310.0,552660.0,808970.0,852654.5,10479.6,4461.4,2628.3,-1.0,0.4,5.5,0.0,184.4640871470539,9151.0,3050.0
0,West Roxbury,7566.7,1934.0,802.9,225530.0,603290.0,828820.0,873576.4,7566.7,4616.5,2662.0,-1.0,0.6,4.0,0.0,187.19509599916574,9151.0,3050.0
0,West Roxbury,6017.6,1936.3,802.3,259330.0,524800.0,784130.0,1301773.3,6017.6,4872.4,2737.7,-0.2,0.2,3.4,0.0,212.55877873955274,9151.0,3050.0
0,West Roxbury,948.0,1987.0,0.0,0.0,318380.0,318380.0,335572.9,948.0,948.0,948.0,3.0,1.0,4.0,0.0,338.2426715246734,9151.0,3050.0
0,West Roxbury,4522.3,1950.9,200.4,100150.0,419490.0,519640.0,547700.6,4522.3,2746.0,1857.7,1.1,0.6,4.3,0.0,249.56717840028,9151.0,3050.0
0,West Roxbury,6096.8,1914.9,1404.6,190351.0,536102.0,726453.0,765681.6,6096.8,4342.2,2443.0,-1.0,0.2,5.5,0.0,170.3463729480839,9151.0,3050.0
0,West Roxbury,7322.5,1924.8,996.6,190410.0,372400.0,562810.0,593201.9,7322.5,3035.8,1604.7,-1.0,0.0,4.8,0.0,192.56680696532254,9151.0,3050.0
0,West Roxbury,20722.1,1899.9,1003.7,401550.0,909150.0,1310700.0,437589.4,20722.1,5126.3,3378.2,-0.8,0.0,2.9,0.3,367.97833161195376,9151.0,3050.0
0,West Roxbury,6863.4,1713.6,797.2,271850.0,553770.0,825620.0,1124012.6,6863.4,4657.7,3237.6,-1.0,-0.1,4.1,0.1,27768.48655665081,9151.0,3050.0
0,West Roxbury,7855.6,1903.8,803.8,237060.0,522090.0,759150.0,800144.3,7855.6,4384.3,2504.7,-1.0,0.3,5.5,0.0,175.1099095553622,9151.0,3050.0
0,West Roxbury,6490.0,1899.6,1602.9,214700.0,535010.0,749710.0,790194.5,6490.0,4524.4,2708.8,-1.0,0.5,4.0,0.0,167.19275150618293,9151.0,3050.0
0,West Roxbury,5735.3,1925.6,1201.6,217280.0,452760.0,670040.0,1019136.8,5735.3,3521.5,2199.0,-1.0,-0.3,2.7,0.0,213.0794102086615,9151.0,3050.0
0,West Roxbury,7003.4,1915.7,1001.1,238940.0,498450.0,737390.0,777209.2,7003.4,4563.0,2560.9,-1.0,0.1,5.0,0.0,163.7832230812855,9151.0,3050.0
0,West Roxbury,15986.6,1736.9,798.3,721030.0,1054860.0,1775890.0,2307188.0,15986.6,9235.9,4911.4,-1.0,-0.1,2.4,0.1,77666.44822429123,9151.0,3050.0
0,West Roxbury,9490.1,1910.7,799.6,245410.0,544720.0,790130.0,832797.3,9490.1,4353.3,2670.9,-1.0,0.1,6.0,0.0,195.4008594399445,9151.0,3050.0
0,West Roxbury,7815.1,1927.7,804.4,240880.0,448590.0,689470.0,726701.5,7815.1,3221.7,1922.5,-1.0,0.2,6.0,0.0,217.42526054036998,9151.0,3050.0
0,West Roxbury,9536.8,1910.3,598.4,283920.0,612510.0,896430.0,944837.4,9536.8,4763.2,2733.3,-1.0,0.3,5.5,0.0,189.95801542769118,9151.0,3050.0
0,West Roxbury,7876.5,1941.9,1205.6,246820.0,497180.0,744000.0,784176.2,7876.5,3534.0,1997.3,-1.0,0.3,5.0,0.0,213.44672525526903,9151.0,3050.0
0,West Roxbury,6741.1,1950.3,1006.0,225480.0,589980.0,815460.0,859495.1,6741.1,3994.4,2403.0,-1.0,0.3,5.0,0.0,209.14527192527368,9151.0,3050.0
0,West Roxbury,8643.8,1925.7,1202.9,261330.0,513170.0,774500.0,816323.2,8643.8,4006.6,2463.8,-1.0,0.1,6.0,0.0,200.98162507025728,9151.0,3050.0
0,West Roxbury,6863.3,1919.4,1003.5,240094.0,555488.0,795582.0,838543.7,6863.3,4427.6,2584.1,-1.0,0.1,5.5,0.0,189.99817274771218,9151.0,3050.0
0,West Roxbury,8186.6,1944.6,1206.1,228413.2,520050.4,748463.6,788880.8,8186.6,3594.0,2093.8,-1.0,0.5,5.5,0.0,212.38358936929066,9151.0,3050.0
0,West Roxbury,5946.5,1951.5,399.7,179650.0,404600.0,584250.0,615799.8,5946.5,2875.8,1570.6,-1.0,0.2,6.0,0.0,204.49661778242657,9151.0,3050.0
0,West Roxbury,6980.7,1944.4,200.7,195030.0,391460.0,586490.0,618160.7,6980.7,2830.4,1641.8,-1.0,0.0,5.6,0.0,208.47533664388635,9151.0,3050.0
0,West Roxbury,8346.9,1901.8,1406.3,187740.0,554420.0,742160.0,782236.9,8346.9,4159.3,2472.4,-1.0,0.2,4.1,0.0,180.45754033045336,9151.0,3050.0
0,West Roxbury,11658.9,1949.6,1001.9,281670.0,656480.0,938150.0,988810.5,11658.9,4917.9,2873.2,-1.0,0.6,4.4,0.0,194.74671914498956,9151.0,3050.0
0,West Roxbury,13590.5,1910.7,601.5,296400.0,642190.0,938590.0,989274.2,13590.5,5333.6,3177.3,-1.0,0.4,3.4,0.0,183.14930160046666,9151.0,3050.0
0,West Roxbury,9306.4,1935.5,1005.3,234560.0,524880.0,759440.0,800450.1,9306.4,3648.5,2167.6,-1.0,0.4,5.5,0.0,216.97491359062923,9151.0,3050.0
0,West Roxbury,12376.9,1932.7,1201.7,263910.0,625790.0,889700.0,937744.0,12376.9,5347.5,2921.0,-1.0,0.4,4.9,0.0,173.98484519146027,9151.0,3050.0
0,West Roxbury,9434.0,1940.3,1208.3,229020.0,471520.0,700540.0,738369.4,9434.0,3386.7,1844.1,-1.0,0.0,6.0,0.0,215.98630317360426,9151.0,3050.0
0,West Roxbury,9258.0,1931.5,600.5,234210.0,411620.0,645830.0,680705.0,9258.0,2825.9,1673.1,-1.0,0.1,5.5,0.0,240.04457328207044,9151.0,3050.0
0,West Roxbury,7280.9,1912.3,1603.7,219570.0,495740.0,715310.0,753936.9,7280.9,3900.9,2346.7,-1.0,0.3,4.5,0.0,192.10898794166727,9151.0,3050.0
0,West Roxbury,8843.7,1901.8,1003.0,251730.0,571510.0,823240.0,867695.1,8843.7,4414.2,2560.3,-1.0,0.3,2.5,0.0,190.41373940977206,9151.0,3050.0
0,West Roxbury,7940.4,1931.4,805.9,196810.0,419980.0,616790.0,650096.9,7940.4,3227.0,1828.1,-1.0,0.1,5.5,0.0,192.52249910866706,9151.0,3050.0
0,West Roxbury,5464.0,1927.8,599.8,140700.0,335340.0,476040.0,501746.3,5464.0,2773.7,1535.1,-1.0,0.0,6.0,0.0,174.20357189186677,9151.0,3050.0
0,West Roxbury,5527.0,1930.5,399.9,146960.0,335460.0,482420.0,508470.8,5527.0,2818.1,1533.3,-1.0,0.1,6.0,0.0,175.7724028912969,9151.0,3050.0
0,West Roxbury,5371.0,1933.1,599.8,146700.0,338100.0,484800.0,510979.4,5371.0,2703.1,1438.1,-1.0,0.1,6.0,0.0,184.61188502372264,9151.0,3050.0
0,West Roxbury,5841.3,1943.7,1207.7,146880.0,355730.0,502610.0,529751.1,5841.3,2581.1,1395.2,-1.0,0.5,3.0,0.0,195.63254577056074,9151.0,3050.0
0,West Roxbury,8790.5,1947.3,801.9,206290.0,369650.0,575940.0,607041.0,8790.5,3242.9,1542.4,-1.0,0.6,4.0,0.0,185.45674359686734,9151.0,3050.0
0,West Roxbury,6794.1,1950.1,804.5,172630.0,419030.0,591660.0,623609.8,6794.1,3094.9,1567.0,-1.0,0.5,3.0,0.0,195.92744236170057,9151.0,3050.0
0,West Roxbury,6535.0,1924.7,1000.5,163210.0,376380.0,539590.0,568728.0,6535.0,2981.4,1621.2,-1.0,0.4,4.3,0.0,184.21251185814197,9151.0,3050.0
0,West Roxbury,6227.2,1934.0,401.1,166290.0,389310.0,555600.0,585602.6,6227.2,3159.1,1762.0,-1.0,0.1,5.4,0.0,183.1153126912883,9151.0,3050.0
0,West Roxbury,5345.2,1927.2,805.6,145280.0,433600.0,578880.0,610139.8,5345.2,2491.0,1558.8,-1.0,0.6,3.0,0.0,230.17944053067518,9151.0,3050.0
0,Brighton,3738.0,1937.0,1987.0,199510.0,314890.0,514400.0,843437.4,3738.0,557.7,557.7,0.2,-0.1,5.3,0.0,2356.2319508218998,10384.0,3461.0
0,Brighton,510.0,1935.0,1789.1,0.0,282420.0,282420.0,297670.6,510.0,510.0,510.0,0.0,0.0,6.0,0.0,555.8133317015445,10384.0,3461.0
0,Brighton,552.5,1935.0,1987.8,0.0,299130.0,299130.0,315283.0,552.5,552.5,552.5,0.0,0.0,6.0,0.0,544.3817993511489,10384.0,3461.0
0,Brighton,586.0,1935.1,1985.0,0.0,314090.0,314090.0,331050.8,586.0,586.0,586.0,0.6,0.0,6.0,0.0,540.308434852155,10384.0,3461.0
0,Brighton,554.0,1942.0,1991.6,0.0,298450.0,298450.0,314566.4,554.0,554.0,554.0,0.0,0.0,6.0,0.0,540.1848834955373,10384.0,3461.0
0,Brighton,605.5,1948.0,1989.2,0.0,305960.0,305960.0,322482.0,605.5,605.5,605.5,0.6,0.0,6.0,0.0,525.20027925068,10384.0,3461.0
0,Brighton,599.5,1940.0,1985.0,0.0,319510.0,319510.0,336763.5,599.5,599.5,599.5,0.9,0.0,6.0,0.0,534.0494405250062,10384.0,3461.0
0,Brighton,670.5,1935.0,1985.0,0.0,336990.0,336990.0,355187.5,670.5,670.5,670.5,0.9,0.0,6.0,0.0,518.006488013058,10384.0,3461.0
0,Brighton,637.0,1930.0,1985.0,0.0,317190.0,317190.0,334318.2,637.0,637.0,637.0,0.0,0.0,6.0,0.0,498.1873752165984,10384.0,3461.0
0,Brighton,707.0,1930.0,1989.9,0.0,323976.3,323976.3,341471.1,707.0,707.0,707.0,0.6,0.0,6.0,0.0,473.06208348597545,10384.0,3461.0
0,Brighton,687.0,1930.0,1987.6,0.0,341890.0,341890.0,360352.2,687.0,687.0,687.0,0.5,0.0,6.0,0.0,499.1436984967866,10384.0,3461.0
0,Brighton,623.5,1930.0,1985.0,0.0,296390.0,296390.0,312395.2,623.5,623.5,623.5,0.0,0.0,6.0,0.0,507.1170129450701,10384.0,3461.0
0,Brighton,527.0,1930.0,1990.3,0.0,291360.0,291360.0,307093.5,527.0,527.0,527.0,0.5,0.0,6.0,0.0,560.1350025649042,10384.0,3461.0
0,Brighton,2974.5,1914.6,1981.3,121590.0,580170.0,701760.0,847526.6,2974.5,2809.1,2149.7,-0.2,-0.2,2.1,0.0,464.7308146547178,10384.0,3461.0
0,Brighton,1273.2,1914.9,1984.7,48630.0,403010.0,451640.0,476028.6,1273.2,1370.5,1149.1,-0.1,-0.1,4.8,0.0,448.8267291373477,10384.0,3461.0
0,Brighton,607.8,1920.0,1783.8,0.0,310730.0,310730.0,327509.4,607.8,607.8,607.8,0.3,0.0,6.0,0.0,521.0211294735881,10384.0,3461.0
0,Brighton,1087.1,1920.5,1986.2,74520.0,420790.0,495310.0,522056.8,1087.1,1475.0,1248.0,-0.2,-0.2,4.6,0.0,474.60579040098276,10384.0,3461.0
0,Brighton,1703.9,1939.0,1988.1,148330.0,504130.0,652460.0,687692.7,1703.9,2372.1,1929.8,-0.3,-0.3,3.9,0.0,382.41441700753427,10384.0,3461.0
0,Brighton,741.6,1950.0,1984.0,0.0,324160.0,324160.0,341664.6,741.6,741.6,741.6,0.3,0.0,6.0,0.0,444.90440881695366,10384.0,3461.0
0,Brighton,755.3,1950.0,1986.7,0.0,348460.0,348460.0,367276.8,755.3,755.3,755.3,0.3,0.0,6.0,0.0,471.6780767300091,10384.0,3461.0
0,Brighton,674.6,1950.0,1984.0,0.0,303590.0,303590.0,319984.1,674.6,674.6,674.6,0.0,0.0,6.0,0.0,462.4555998434445,10384.0,3461.0
0,Brighton,693.6,1950.0,1984.0,0.0,330370.0,330370.0,348210.3,693.6,693.6,693.6,0.9,0.0,6.0,0.0,480.9583406538503,10384.0,3461.0
0,Brighton,1036.1,1755.0,1788.1,0.0,367400.0,367400.0,497352.4,1036.1,611.1,611.1,0.2,-0.1,5.3,0.0,76590.32036933232,10384.0,3461.0
0,Brighton,702.2,1950.0,1984.0,0.0,332560.0,332560.0,350518.3,702.2,702.2,702.2,0.6,0.0,6.0,0.0,478.4804104202558,10384.0,3461.0
0,Brighton,702.2,1746.0,1785.6,0.0,332520.0,332520.0,391614.7,702.2,618.2,618.2,0.0,-0.1,4.8,0.0,28892.722275459302,10384.0,3461.0
0,Brighton,690.6,1755.0,1785.6,0.0,314200.0,314200.0,385825.5,690.6,607.6,607.6,0.2,-0.1,5.3,0.0,38212.335000619285,10384.0,3461.0
0,Brighton,716.6,1950.0,1984.0,0.0,316390.0,316390.0,333475.1,716.6,716.6,716.6,0.3,0.0,6.0,0.0,447.0112271952439,10384.0,3461.0
0,Brighton,2512.5,1561.5,1587.5,104790.0,464820.0,569610.0,1088755.6,2512.5,2424.2,1952.4,-0.3,-0.3,3.9,0.0,72572.76444103717,10384.0,3461.0
0,Brighton,4081.6,1909.0,1593.9,211670.0,713610.0,925280.0,1254033.9,4081.6,4509.0,2800.2,-0.5,0.1,4.8,0.0,311.6121777495847,10384.0,3461.0
0,Brighton,2243.1,1920.8,1787.7,114330.0,509910.0,624240.0,657948.9,2243.1,2359.0,1636.9,-0.3,0.1,5.0,0.0,431.2238083742676,10384.0,3461.0
0,Brighton,627.2,1929.0,1982.6,0.0,305050.0,305050.0,321522.7,627.2,627.2,627.2,0.0,0.0,6.0,0.0,503.1194235306839,10384.0,3461.0
0,Brighton,627.8,1929.0,1981.1,0.0,322170.0,322170.0,339567.1,627.8,627.8,627.8,0.0,0.0,6.0,0.0,527.2025525918513,10384.0,3461.0
0,Brighton,595.6,1929.0,1386.9,0.0,300190.0,300190.0,316400.2,595.6,595.6,595.6,0.7,0.0,6.0,0.0,514.3803308914387,10384.0,3461.0
0,Brighton,603.1,1929.0,1981.0,0.0,299980.0,299980.0,316178.8,603.1,603.1,603.1,0.3,0.0,6.0,0.0,514.1816682691318,10384.0,3461.0
0,Brighton,725.7,1928.1,1782.9,0.0,336770.0,336770.0,354955.6,725.7,725.7,725.7,0.0,0.0,6.0,0.0,509.1734171566169,10384.0,3461.0
0,Brighton,3035.2,1904.0,995.2,165440.0,553030.0,718470.0,757267.4,3035.2,2969.9,1996.4,-0.1,0.1,5.5,0.0,391.5579688074772,10384.0,3461.0
0,Brighton,496.4,1890.0,1982.7,0.0,282200.0,282200.0,297438.9,496.4,496.4,496.4,0.0,0.0,6.0,0.0,578.1979421080349,10384.0,3461.0
0,Brighton,551.8,1890.0,1986.0,0.0,301580.0,301580.0,317865.4,551.8,551.8,551.8,0.8,0.0,6.0,0.0,552.4052824628068,10384.0,3461.0
0,Brighton,1568.0,1899.5,1388.5,140250.0,616680.0,756930.0,797804.4,1568.0,2416.8,1937.2,-0.2,-0.1,5.3,0.0,471.4523791889436,10384.0,3461.0
0,Brighton,1167.3,1924.0,1588.5,63310.0,565180.0,628490.0,662428.4,1167.3,2051.5,1657.1,-0.2,0.0,6.0,0.0,399.2012899551261,10384.0,3461.0
0,Brighton,686.0,1930.0,1586.4,0.0,322480.0,322480.0,339893.9,686.0,686.0,686.0,0.3,0.0,6.0,0.0,472.53168418673215,10384.0,3461.0
0,Brighton,1427.4,1923.5,1988.1,176140.0,795150.0,971290.0,1023739.7,1427.4,4721.5,3882.4,-0.2,-0.2,4.6,0.0,431.16836151686783,10384.0,3461.0
0,Brighton,545.0,1915.0,1988.0,0.0,272600.0,272600.0,287320.4,545.0,538.0,538.0,0.0,0.0,6.0,0.0,513.5702076951077,10384.0,3461.0
0,Brighton,2081.6,1915.5,1983.5,264140.0,875530.0,1139670.0,1201212.2,2081.6,4349.5,3466.0,0.3,-0.2,4.6,0.0,453.0944767901071,10384.0,3461.0
0,Brighton,3939.3,1924.0,1795.4,538770.0,1141800.0,1680570.0,2768062.4,3939.3,8542.4,5682.9,-1.0,-0.8,-0.2,0.0,201.33094193828043,10384.0,3461.0
0,Brighton,2826.0,1911.0,1984.2,518990.0,1114530.0,1633520.0,2468473.3,2826.0,5139.7,4132.9,0.5,-0.1,5.3,0.0,451.6579291301265,10384.0,3461.0
0,Brighton,814.2,1910.5,1981.0,0.0,385400.0,385400.0,406211.9,814.2,814.2,814.2,0.3,0.0,6.0,0.0,472.8213654997897,10384.0,3461.0
0,Brighton,820.5,1910.0,1981.0,0.0,387980.0,387980.0,408931.1,820.5,820.5,820.5,0.3,0.0,6.0,0.0,472.49770830986154,10384.0,3461.0
0,Brighton,1340.6,1913.5,1589.8,104680.0,510040.0,614720.0,647914.9,1340.6,2257.0,1738.2,-0.3,-0.1,5.3,0.0,383.55342224432616,10384.0,3461.0
0,Brighton,3323.4,1919.0,1990.1,352840.0,1172420.0,1525260.0,1607624.1,3323.4,6061.8,5147.0,0.0,-0.5,1.9,0.0,309.0056719468356,10384.0,3461.0
0,Brighton,6877.4,1732.2,1395.4,552410.0,1176840.0,1729250.0,2369948.4,6877.4,9277.0,6866.5,-1.0,-0.7,1.1,0.1,89698.50897372562,10384.0,3461.0
0,Brighton,4848.1,1905.4,2004.5,178150.0,1279129.9,1457279.9,2178647.8,4848.1,3350.4,3000.3,0.6,0.6,0.9,0.0,588.9352135204015,10384.0,3461.0
0,Brighton,1883.2,1889.7,2006.0,0.0,1452355.1,1452355.1,1530782.4,1883.2,1883.2,1883.2,1.2,1.0,1.0,0.0,766.4507720076764,10384.0,3461.0
0,Brighton,1975.1,1901.6,1805.4,0.0,1649986.5,1649986.5,1739086.0,1975.1,1975.1,1975.1,1.0,1.0,1.0,0.0,839.0433837139004,10384.0,3461.0
0,Brighton,1469.4,1994.4,201.4,0.0,1077690.3,1077690.3,1135885.6,1469.4,1470.0,1470.0,1.2,1.0,1.0,0.0,729.1275798910574,10384.0,3461.0
0,Brighton,1307.9,2006.0,0.0,0.0,850429.0,850429.0,896352.4,1307.9,1307.9,1307.9,1.2,1.0,1.0,0.0,627.7836712776873,10384.0,3461.0
0,Brighton,1315.7,2006.0,0.0,0.0,794072.0,794072.0,836952.0,1315.7,1315.7,1315.7,1.2,1.0,1.0,0.0,571.4305134302265,10384.0,3461.0
0,Brighton,1436.9,2006.0,0.0,0.0,990125.0,990125.0,1043591.8,1436.9,1475.1,1436.9,1.0,1.0,1.3,0.0,641.9032386228353,10384.0,3461.0
0,Brighton,1436.0,2006.0,0.0,0.0,999384.0,999384.0,1053350.8,1436.0,1436.0,1436.0,1.2,1.0,1.0,0.0,685.9819468408843,10384.0,3461.0
0,Brighton,1441.9,2006.0,0.0,0.0,997796.0,997796.0,1051677.2,1441.9,1441.3,1441.3,1.6,1.0,1.0,0.0,680.4719255423958,10384.0,3461.0
0,Brighton,1460.9,2006.0,0.0,0.0,1078310.0,1078310.0,1136538.8,1460.9,1460.9,1460.9,1.2,1.0,1.0,0.0,735.1236232714573,10384.0,3461.0
0,Brighton,1850.9,2006.0,0.0,0.0,1496263.1,1496263.1,1577061.4,1850.9,1850.9,1850.9,1.0,1.0,1.0,0.0,762.0208578943872,10384.0,3461.0
0,Brighton,118799.3,1383.5,396.2,4743957.0,6681940.2,11425897.2,6951326.8,118799.3,48091.3,42715.4,-0.6,-0.2,0.8,0.3,3560351.30478865,10384.0,3461.0
0,Brighton,6757.0,1926.0,602.1,259870.0,698720.0,958590.0,1010354.0,6757.0,5079.3,2969.7,-1.0,0.2,6.0,0.0,190.83109742864912,10384.0,3461.0
0,Brighton,2390.8,1951.5,1784.3,223640.0,825020.0,1048660.0,1105287.7,2390.8,2931.5,2232.1,-0.2,-0.1,5.3,0.0,428.8002941771365,10384.0,3461.0
0,Brighton,666.8,1955.0,1980.3,0.0,326690.0,326690.0,344331.4,666.8,666.8,666.8,0.3,0.0,6.0,0.0,489.64170979944936,10384.0,3461.0
0,Brighton,899.4,1982.0,198.0,0.0,291640.0,291640.0,307388.6,899.4,899.4,899.4,0.0,0.9,1.5,0.0,329.73805009131564,10384.0,3461.0
0,Brighton,842.8,1985.0,0.0,0.0,268100.0,268100.0,282577.4,842.8,842.8,842.8,0.0,1.0,1.0,0.0,320.7872367263866,10384.0,3461.0
0,Brighton,878.0,1985.0,0.0,0.0,274750.0,274750.0,289586.5,878.0,878.0,878.0,0.0,1.0,1.0,0.0,315.69563506517807,10384.0,3461.0
0,Brighton,871.6,1985.0,0.0,0.0,274750.0,274750.0,289586.5,871.6,871.6,871.6,0.0,1.0,1.0,0.0,317.6081694462908,10384.0,3461.0
0,Brighton,894.5,1985.0,0.0,0.0,281400.0,281400.0,296595.6,894.5,894.5,894.5,0.0,1.0,1.0,0.0,317.4905017291961,10384.0,3461.0
0,Brighton,844.3,1985.0,0.0,0.0,268100.0,268100.0,282577.4,844.3,844.3,844.3,0.0,1.0,1.0,0.0,320.41776479002516,10384.0,3461.0
0,Brighton,904.8,1985.0,0.0,0.0,281400.0,281400.0,296595.6,904.8,904.8,904.8,0.0,0.9,1.0,0.0,313.38487076804364,10384.0,3461.0
0,Brighton,843.4,1985.0,0.0,0.0,268100.0,268100.0,282577.4,843.4,843.4,843.4,0.0,1.0,1.0,0.0,320.6080299491531,10384.0,3461.0
0,Brighton,878.9,1985.0,0.0,0.0,274750.0,274750.0,289586.5,878.9,878.9,878.9,0.0,1.0,1.0,0.0,315.4336466826623,10384.0,3461.0
0,Brighton,871.6,1985.0,0.0,0.0,274750.0,274750.0,289586.5,871.6,871.6,871.6,0.0,1.0,1.0,0.0,317.6081694462908,10384.0,3461.0
0,Brighton,894.5,1985.0,0.0,0.0,281400.0,281400.0,296595.6,894.5,894.5,894.5,0.0,1.0,1.0,0.0,317.4905017291961,10384.0,3461.0
0,Brighton,844.3,1985.0,0.0,0.0,268100.0,268100.0,282577.4,844.3,844.3,844.3,0.0,1.0,1.0,0.0,320.41776479002516,10384.0,3461.0
0,Brighton,904.8,1985.0,0.0,0.0,281400.0,281400.0,296595.6,904.8,904.8,904.8,0.0,1.0,1.0,0.0,313.38487076804364,10384.0,3461.0
0,Brighton,843.4,1985.0,0.0,0.0,268100.0,268100.0,282577.4,843.4,843.4,843.4,0.0,1.0,1.0,0.0,320.6080299491531,10384.0,3461.0
0,Brighton,878.9,1985.0,0.0,0.0,274750.0,274750.0,289586.5,878.9,878.9,878.9,0.0,1.0,1.0,0.0,315.4336466826623,10384.0,3461.0
0,Brighton,871.6,1985.0,0.0,0.0,274750.0,274750.0,289586.5,871.6,871.6,871.6,0.0,1.0,1.0,0.0,317.6081694462908,10384.0,3461.0
0,Brighton,894.5,1985.0,0.0,0.0,281400.0,281400.0,296595.6,894.5,894.5,894.5,0.0,1.0,1.0,0.0,317.4905017291961,10384.0,3461.0
0,Brighton,844.3,1985.0,0.0,0.0,268100.0,268100.0,282577.4,844.3,844.3,844.3,0.0,1.0,1.0,0.0,320.41776479002516,10384.0,3461.0
0,Brighton,892.7,1979.2,197.8,0.0,278840.0,278840.0,293897.4,892.7,892.7,892.7,0.2,0.9,1.5,0.0,314.4120802388036,10384.0,3461.0
0,Brighton,921.2,1927.0,1981.7,0.0,420000.0,420000.0,442680.0,921.2,921.2,921.2,0.9,0.0,6.0,0.0,455.1892223047397,10384.0,3461.0
0,Brighton,937.9,1927.0,1787.6,0.0,414110.0,414110.0,436472.0,937.9,937.9,937.9,0.3,0.0,5.5,0.0,445.8888497501783,10384.0,3461.0
0,Brighton,879.3,1926.8,1787.1,0.0,418620.0,418620.0,441225.6,879.3,879.3,879.3,1.5,0.0,6.0,0.0,479.3751769899175,10384.0,3461.0
0,Brighton,928.9,1926.8,1981.4,0.0,403710.0,403710.0,425510.5,928.9,928.9,928.9,0.6,0.0,6.0,0.0,437.27252325599204,10384.0,3461.0
0,Brighton,5710.3,1928.3,1978.2,829250.0,2171310.0,3000560.0,3162590.4,5710.3,14920.4,12903.2,-0.1,-0.1,5.3,0.0,428.7404160384373,10384.0,3461.0
0,Brighton,1826143.9,1954.4,1588.7,196645580.0,203418570.0,400064150.0,1378368.5,1826143.9,64467.5,63124.6,-1.0,-0.9,-0.3,0.8,49885989.954388805,10384.0,3461.0
0,Brighton,2279266.0,1977.4,1589.8,245418400.0,253027100.0,498445500.0,0.0,2279266.0,68327.9,68327.9,-1.0,-1.0,-1.0,1.0,107549.41352328783,10384.0,3461.0
0,Brighton,2279266.0,1972.1,1782.0,245418400.0,253027100.0,498445500.0,0.0,2279266.0,12718.1,10199.5,-1.0,-1.0,-1.0,1.0,135367.06478534656,10384.0,3461.0
0,Brighton,2279266.0,1976.6,1584.0,245418400.0,253027100.0,498445500.0,0.0,2279266.0,25451.2,25451.2,-1.0,-1.0,-1.0,1.0,135745.14194710756,10384.0,3461.0
0,Brighton,918370.7,1983.3,596.5,99378730.0,105354850.0,204733580.0,5793852.6,918370.7,90695.5,88687.0,-0.5,0.0,2.5,0.4,29529.464073474945,10384.0,3461.0
0,Brighton,764.4,1988.0,0.0,0.0,395590.0,395590.0,416951.8,764.4,764.4,764.4,0.3,1.0,5.5,0.0,526.733084870071,10384.0,3461.0
0,Brighton,727.2,1988.0,201.5,0.0,389780.0,389780.0,410828.1,727.2,727.2,727.2,0.3,1.0,5.5,0.0,544.8712561820533,10384.0,3461.0
0,Brighton,742.3,1988.0,200.9,0.0,384810.0,384810.0,405589.8,742.3,742.3,742.3,0.0,1.0,6.0,0.0,527.8604384200825,10384.0,3461.0
0,Brighton,775.8,1988.0,201.1,0.0,403070.0,403070.0,424835.8,775.8,775.8,775.8,0.0,1.0,5.5,0.0,532.091093077861,10384.0,3461.0
0,Brighton,737.2,1988.0,201.1,0.0,395290.0,395290.0,416635.6,737.2,737.2,737.2,0.6,1.0,6.0,0.0,541.8487631133355,10384.0,3461.0
0,Brighton,776.7,1988.0,403.2,0.0,421170.0,421170.0,443913.3,776.7,776.7,776.7,0.0,1.0,5.5,0.0,555.0094402659053,10384.0,3461.0
0,Brighton,709.7,1971.2,402.2,0.0,403990.0,403990.0,425805.6,709.7,709.7,709.7,0.0,0.7,5.5,0.0,575.2280389827722,10384.0,3461.0
0,Brighton,546.5,1932.0,0.0,0.0,293630.0,293630.0,309486.0,546.5,546.5,546.5,0.6,0.0,6.0,0.0,542.0519919599108,10384.0,3461.0
0,Brighton,603.75,1932.0,0.0,0.0,313650.0,313650.0,330587.25,603.75,603.75,603.75,0.0,0.0,6.0,0.0,520.9731660200084,10384.0,3461.0
0,West End,807.4,1964.0,1992.5,0.0,518680.0,518680.0,546688.6,807.4,825.4,825.4,1.5,1.0,6.0,0.0,645.1404761958905,818.0,272.0
0,West End,829.7,1964.0,1988.0,0.0,572440.0,572440.0,603351.9,829.7,829.7,829.7,1.2,1.0,6.0,0.0,702.2432643347558,818.0,272.0
0,West End,769.7,1964.0,1990.1,0.0,561950.0,561950.0,592295.4,769.7,769.7,769.7,0.6,1.0,5.5,0.0,743.4885060059732,818.0,272.0
0,West End,1049.6,1178.4,1193.6,0.0,453160.0,453160.0,364035.8,1049.6,560.9,560.9,0.2,0.2,3.2,0.3,146527.899942362,818.0,272.0
0,West End,962.9,1964.0,1987.9,0.0,535760.0,535760.0,564691.3,962.9,962.9,962.9,0.6,1.0,6.0,0.0,557.193703884668,818.0,272.0
0,West End,962.9,1964.0,1790.4,0.0,532870.0,532870.0,561645.0,962.9,962.9,962.9,1.2,1.0,5.5,0.0,555.271930685051,818.0,272.0
0,West End,962.9,1964.0,1989.0,0.0,540160.0,540160.0,569328.8,962.9,962.9,962.9,0.9,1.0,6.0,0.0,559.1920770097505,818.0,272.0
0,West End,957.6666666666666,1964.0,1989.3333333333333,0.0,553433.3333333334,553433.3333333334,583319.0,957.6666666666666,957.6666666666666,957.6666666666666,1.0,1.0,6.0,0.0,575.6775278734084,818.0,272.0
0,Dorchester,3384.2,1352.7,397.6,75180.0,229970.0,305150.0,334993.7,3384.2,2939.3,1901.8,-1.0,-0.2,1.7,0.3,5431.858251898931,21586.0,7195.0
0,Dorchester,4308.1,1932.6,800.5,112510.0,266670.0,379180.0,399655.7,4308.1,3764.7,2384.5,-1.0,-0.1,3.3,0.0,98.1480031871623,21586.0,7195.0
0,Dorchester,3055.0,1523.4,589.3,61980.0,232330.0,294310.0,310202.8,3055.0,3517.6,2278.3,-1.0,-0.2,2.1,0.0,3147.468533764043,21586.0,7195.0
0,Dorchester,2803.8,1909.0,402.1,77010.0,235290.0,312300.0,329164.4,2803.8,3176.2,1892.6,-1.0,0.0,3.4,0.0,99.21345843919099,21586.0,7195.0
0,Dorchester,3330.0,1341.5,801.6,63730.0,181990.0,245720.0,264137.9,3330.0,2243.3,1358.0,-1.0,-0.3,2.9,0.2,9443.13202458187,21586.0,7195.0
0,Dorchester,2994.0,1536.6,399.2,71230.0,198080.0,269310.0,283852.9,2994.0,2804.9,1684.8,-1.0,-0.1,3.1,0.0,8676.69380563415,21586.0,7195.0
0,Dorchester,3918.8,1388.8,0.0,66370.0,193260.0,259630.0,273650.1,3918.8,2270.2,1486.2,-1.0,-0.1,0.3,0.0,12092.332122485877,21586.0,7195.0
0,Dorchester,4032.5,1554.2,598.5,83060.0,266800.0,349860.0,368752.5,4032.5,3250.4,2265.9,-0.7,-0.3,2.9,0.0,12438.149340348977,21586.0,7195.0
0,Dorchester,5394.1,1345.9,599.8,96010.0,228660.0,324670.0,322819.0,5394.1,3342.6,2215.0,-1.0,-0.2,3.4,0.2,20965.03374935714,21586.0,7195.0
0,Dorchester,3450.2,1970.5,201.2,99570.0,161110.0,260680.0,274756.8,3450.2,2665.0,1694.4,-1.0,0.0,4.1,0.0,100.27237791619415,21586.0,7195.0
0,Dorchester,4569.7,1917.0,1198.5,132600.0,315900.0,448500.0,472719.2,4569.7,5286.7,3150.6,-1.0,0.0,6.0,0.0,85.08187853455996,21586.0,7195.0
0,Dorchester,4579.0,1148.0,201.4,94450.0,214760.0,309210.0,311889.2,4579.0,3737.2,2141.9,-1.0,-0.4,3.2,0.2,25566.634766662097,21586.0,7195.0
0,Dorchester,4583.9,763.4,396.5,80380.0,129040.0,209420.0,194389.2,4583.9,2081.3,1347.9,-1.0,-0.6,0.6,0.5,26745.061703079205,21586.0,7195.0
0,Dorchester,5053.0,1909.1,797.5,133350.0,314700.0,448050.0,472244.9,5053.0,5693.2,3407.6,-1.0,0.1,6.0,0.0,79.57482868019211,21586.0,7195.0
0,Dorchester,4398.8,1152.4,599.5,101790.0,209750.0,311540.0,317159.2,4398.8,3598.0,2227.3,-1.0,-0.3,3.2,0.3,13861.038555175674,21586.0,7195.0
0,Dorchester,4652.3,1732.2,401.3,138570.0,327010.0,465580.0,486484.3,4652.3,4980.5,3032.8,-1.0,-0.1,4.8,0.1,4104.547152658309,21586.0,7195.0
0,Dorchester,3861.2,1544.4,400.9,119640.0,300980.0,420620.0,443333.7,3861.2,4684.4,2974.2,-1.0,-0.2,3.0,0.0,7110.8504394771835,21586.0,7195.0
0,Dorchester,6033.8,1919.5,399.1,193470.0,427910.0,621380.0,643201.9,6033.8,7884.9,4767.7,-1.0,-0.2,4.6,0.1,82.07745973593617,21586.0,7195.0
0,Dorchester,4973.9,1922.0,400.7,132550.0,323210.0,455760.0,480371.0,4973.9,5019.5,3164.0,-1.0,0.0,6.0,0.0,91.64120551273808,21586.0,7195.0
0,Dorchester,5135.4,1931.0,1200.4,139680.0,351190.0,490870.0,517377.2,5135.4,5696.2,3517.1,-1.0,0.0,6.0,0.0,86.24326553025011,21586.0,7195.0
0,Dorchester,4574.0,1544.0,401.4,114490.0,264130.0,378620.0,399065.6,4574.0,4691.0,2778.5,-1.0,-0.2,4.1,0.0,5214.007287742054,21586.0,7195.0
0,Dorchester,3654.6,1756.5,1000.2,91650.0,295970.0,387620.0,408551.7,3654.6,4196.4,2561.1,-0.7,-0.1,4.8,0.0,4068.391404913168,21586.0,7195.0
0,Dorchester,4355.9,1757.7,199.6,116460.0,240030.0,356490.0,480810.4,4355.9,4205.9,2659.9,-1.0,-0.2,4.0,0.1,3642.4546300993416,21586.0,7195.0
0,Dorchester,3652.2,1961.4,601.3,106500.0,260640.0,367140.0,386965.4,3652.2,3710.4,2539.0,-1.0,0.0,5.0,0.0,113.66625952286817,21586.0,7195.0
0,Dorchester,3259.6,1786.5,196.0,100720.0,172860.0,273580.0,283873.7,3259.6,2202.5,1765.6,-1.0,-0.2,3.6,0.1,4367.287024928829,21586.0,7195.0
0,Dorchester,4135.5,1548.2,596.5,128190.0,242260.0,370450.0,390454.2,4135.5,3711.6,2540.3,-1.0,-0.3,2.8,0.0,14697.949913874729,21586.0,7195.0
0,Dorchester,3548.6,1161.7,596.8,84840.0,192660.0,277500.0,284790.8,3548.6,2549.9,1735.0,-1.0,-0.4,2.7,0.2,13378.116978628319,21586.0,7195.0
0,Dorchester,2757.0,1380.0,402.1,78350.0,198680.0,277030.0,285486.4,2757.0,1936.3,1507.0,-1.0,-0.3,2.9,0.3,6280.321514661578,21586.0,7195.0
0,Dorchester,2416.9,1982.4,0.0,90970.0,198780.0,289750.0,305396.7,2416.9,1909.0,1672.7,-1.0,0.0,5.4,0.0,171.46673691753503,21586.0,7195.0
0,Dorchester,1693.4,1992.6,401.7,16110.0,203550.0,219660.0,231521.5,1693.4,1615.4,1271.4,-0.2,0.0,1.2,0.0,135.42725265699931,21586.0,7195.0
0,Dorchester,2887.1111111111113,1777.6,803.3,43890.0,243380.0,287270.0,250758.8,2887.1111111111113,2989.2,2005.5,-0.5,-0.3,0.9,0.1,9954.602983606903,21586.0,7195.0
0,Dorchester,4463.4,1959.9,596.1,180560.0,306810.0,487370.0,764063.0,4463.4,4975.4,3732.9,-1.0,-0.6,0.8,0.0,116.45693953960108,21586.0,7195.0
0,Dorchester,5649.6,388.5,398.9,96122.6,141496.0,237618.6,46750.0,5649.6,1569.0,1168.2,-1.0,-1.0,-1.0,0.9,168323.80777757004,21586.0,7195.0
0,Dorchester,2910.6,1777.2,401.0,100672.9,213334.6,314007.5,305301.7,2910.6,2161.3,1777.6,-1.0,-0.2,3.5,0.1,24480.02479758774,21586.0,7195.0
0,Dorchester,3765.3,1753.6,796.9,112660.0,290980.0,403640.0,422464.5,3765.3,4006.0,2792.3,-1.0,-0.1,4.3,0.1,2925.584679759895,21586.0,7195.0
0,Dorchester,5364.6,1528.0,997.0,132660.0,271940.0,404600.0,426448.5,5364.6,4163.7,2449.2,-1.0,-0.2,3.1,0.0,7967.963741322504,21586.0,7195.0
0,Dorchester,6669.6,1533.5,1203.5,182751.0,356544.0,539295.0,934688.8,6669.6,7954.3,4758.1,-1.0,-0.4,1.5,0.0,6645.983257324317,21586.0,7195.0
0,Dorchester,9316.5,1359.9,601.4,245727.6,448488.6,694216.2,670703.7,9316.5,6267.8,3996.3,-1.0,-0.7,1.1,0.1,13241.454482568763,21586.0,7195.0
0,Dorchester,13514.9,1742.3,999.1,236725.3,418038.8,654764.1,932984.7,13514.9,7019.4,5882.9,-1.0,-0.8,0.4,0.0,34264.133397749116,21586.0,7195.0
0,Dorchester,4236.9,1982.2,199.5,128530.0,211740.0,340270.0,358644.8,4236.9,3206.9,2106.3,-1.0,-0.1,3.3,0.0,110.37749221254515,21586.0,7195.0
0,Dorchester,2614.1,1989.3,0.0,20450.0,126420.0,146870.0,132477.3,2614.1,2005.1,1784.2,-0.1,0.0,0.6,0.2,76.12305378256369,21586.0,7195.0
0,Dorchester,1633.5,1988.0,0.0,0.0,149970.0,149970.0,146948.7,1633.5,1633.5,1633.5,0.0,0.0,0.0,0.1,91.79227187824021,21586.0,7195.0
0,Dorchester,2794.8,1755.0,401.8,59770.0,185830.0,245600.0,247742.7,2794.8,2730.0,1979.2,-0.5,-0.1,0.8,0.1,3346.2205786068916,21586.0,7195.0
0,Dorchester,3893.6,1333.6,600.5,117818.3,255247.7,373066.0,372268.5,3893.6,3849.0,2560.1,-1.0,-0.3,2.2,0.2,23263.753744312773,21586.0,7195.0
0,Dorchester,3019.5,1332.0,0.0,104150.0,197200.0,301350.0,317622.9,3019.5,3349.9,2201.0,-1.0,-0.3,3.9,0.0,17601.648884441624,21586.0,7195.0
0,Dorchester,4079.5,1544.2,598.8,144240.2,362449.4,506689.6,534050.9,4079.5,5069.6,3511.3,-1.0,-0.3,2.4,0.0,8759.778142585043,21586.0,7195.0
0,Dorchester,3219.3,1147.0,399.0,107015.3,209222.0,316237.3,333314.0,3219.3,2668.8,1796.7,-1.0,-0.5,1.0,0.0,9501.38411483109,21586.0,7195.0
0,Dorchester,3777.6,1526.0,599.7,120970.0,312200.0,433170.0,456561.2,3777.6,4082.4,2699.2,-1.0,-0.2,3.1,0.0,7564.313485252428,21586.0,7195.0
0,Dorchester,4531.3,1720.3,1199.5,151650.0,382990.0,534640.0,563510.6,4531.3,5415.1,3667.1,-1.0,-0.1,4.8,0.0,3800.0926178763425,21586.0,7195.0
0,Dorchester,4758.5,1952.2,998.4,171370.3,351379.4,522749.7,550978.1,4758.5,6158.9,4403.0,-1.0,-0.2,2.6,0.0,82.98595397451679,21586.0,7195.0
0,Dorchester,4386.7,1925.1,798.8,181794.6,403638.6,585433.2,617046.8,4386.7,5591.1,3934.8,-1.0,-0.2,2.4,0.0,108.19467451027708,21586.0,7195.0
0,Dorchester,4670.2,1528.0,1203.0,147060.0,356990.0,504050.0,514510.1,4670.2,4876.9,3353.7,-1.0,-0.1,2.2,0.2,15982.516530690944,21586.0,7195.0
0,Dorchester,4048.5,1751.5,401.9,117130.0,255100.0,372230.0,392330.6,4048.5,3442.0,2029.9,-1.0,-0.1,4.3,0.0,13483.26603287586,21586.0,7195.0
0,Dorchester,3886.6,1721.8,801.1,117870.0,294750.0,412620.0,371440.3,3886.6,4781.2,2955.4,-1.0,-0.1,3.4,0.1,2665.382432012652,21586.0,7195.0
0,Dorchester,4124.4,1760.9,798.6,124040.0,352820.0,476860.0,304479.6,4124.4,3967.6,2619.3,-1.0,-0.1,4.8,0.4,6791.159057304447,21586.0,7195.0
0,Dorchester,3823.2,1725.7,801.0,115727.0,278133.0,393860.0,367066.1,3823.2,3616.5,1943.6,-1.0,-0.1,5.3,0.1,2989.5455930094186,21586.0,7195.0
0,Dorchester,4326.8,1557.3,600.6,117490.0,281420.0,398910.0,330502.9,4326.8,3950.1,2600.9,-1.0,-0.2,4.1,0.2,6753.941925039633,21586.0,7195.0
0,Dorchester,5900.4,1729.4,996.2,106304.2,249963.8,356268.0,355917.1,5900.4,3244.1,2136.0,-1.0,-0.3,3.4,0.1,2188.2447565916787,21586.0,7195.0
0,Dorchester,5053.6,1537.2,794.9,128410.0,264760.0,393170.0,414401.1,5053.6,3919.0,2602.9,-1.0,-0.2,3.4,0.0,15068.030863693803,21586.0,7195.0
0,Dorchester,4474.0,1150.9,198.9,88510.0,153430.0,241940.0,246646.7,4474.0,2395.5,1281.9,-1.0,-0.4,1.7,0.3,20227.527257608588,21586.0,7195.0
0,Dorchester,3696.7,1516.5,599.9,101550.0,191000.0,292550.0,304268.9,3696.7,2762.6,1633.3,-1.0,-0.2,3.1,0.1,6703.277349888919,21586.0,7195.0
0,Dorchester,3896.9,1536.7,800.2,116030.0,225090.0,341120.0,359540.6,3896.9,3304.3,1982.4,-1.0,-0.2,2.5,0.0,6012.28627922821,21586.0,7195.0
0,Dorchester,4214.5,1139.0,396.4,88620.0,153630.0,242250.0,255331.5,4214.5,2284.0,1422.7,-1.0,-0.4,1.7,0.0,11450.376508324614,21586.0,7195.0
0,Dorchester,3952.8,1714.4,802.0,112560.0,261370.0,373930.0,390401.6,3952.8,3721.0,2271.1,-1.0,0.0,2.3,0.1,3618.2126362476492,21586.0,7195.0
0,Dorchester,3727.9,1713.2,1001.1,91160.0,293190.0,384350.0,405105.0,3727.9,3930.0,2478.5,-1.0,-0.1,2.8,0.0,1439.5696896176223,21586.0,7195.0
0,Dorchester,4019.1,1715.0,597.8,92295.5,211721.0,304016.5,320433.5,4019.1,3168.8,1889.8,-1.0,-0.1,4.2,0.0,2668.641208429243,21586.0,7195.0
0,Dorchester,4164.2,1542.3,799.4,85170.0,233330.0,318500.0,326265.7,4164.2,3036.0,1931.0,-1.0,-0.2,3.6,0.1,10074.427693560323,21586.0,7195.0
0,Dorchester,5766.4,1954.0,601.3,91760.0,257280.0,349040.0,367888.4,5766.4,3251.9,2059.9,-1.0,0.0,4.5,0.0,110.44401862707693,21586.0,7195.0
0,Dorchester,4971.2,1785.3,201.4,78970.0,239610.1,318580.1,335783.8,4971.2,3033.8,1909.6,-1.0,0.0,4.2,0.0,7419.556729995165,21586.0,7195.0
0,Dorchester,5678.5,1722.5,1002.8,92460.0,222300.0,314760.0,331757.1,5678.5,2720.5,1650.7,-1.0,0.0,2.6,0.0,9372.991205114142,21586.0,7195.0
0,Dorchester,5968.7,1335.0,399.4,106400.0,157690.0,264090.0,253602.8,5968.7,2218.1,1384.7,-1.0,-0.3,2.4,0.2,25015.425196556684,21586.0,7195.0
0,Dorchester,5467.3,1727.0,398.5,132670.0,295710.0,428380.0,439792.0,5467.3,4796.5,3098.1,-1.0,-0.1,5.3,0.1,11201.147030866614,21586.0,7195.0
0,Dorchester,5085.6,983.1,0.0,91190.0,159770.0,250960.0,231616.6,5085.6,2198.3,1463.5,-1.0,-0.3,1.4,0.3,42232.072791029605,21586.0,7195.0
0,Dorchester,3166.8,1980.7,399.7,64210.0,260400.0,324610.0,342139.1,3166.8,2715.0,1756.8,-1.0,0.2,5.0,0.0,126.85185801583495,21586.0,7195.0
0,Dorchester,2810.5,1975.1,0.0,46120.0,265300.0,311420.0,328236.9,2810.5,2064.0,1455.4,0.2,0.9,1.3,0.0,161.13113572971537,21586.0,7195.0
0,Dorchester,2105.4,1972.4,0.0,47920.0,248080.0,296000.0,311984.1,2105.4,1822.9,1242.8,0.6,0.9,3.8,0.0,166.71907062520572,21586.0,7195.0
0,Dorchester,3013.9,1929.0,0.0,95850.0,220560.0,316410.0,333496.2,3013.9,2684.9,1593.3,-1.0,0.5,3.8,0.0,136.81214571982906,21586.0,7195.0
0,Dorchester,3178.7,1938.6,602.1,75700.0,332150.0,407850.0,429874.1,3178.7,3658.0,2713.8,1.0,0.1,4.3,0.0,148.82146493614306,21586.0,7195.0
0,Dorchester,3776.9,1727.1,803.0,79970.0,272420.0,352390.0,371419.1,3776.9,3387.3,2063.1,-0.9,0.0,4.3,0.0,2775.4687604986475,21586.0,7195.0
0,Dorchester,4675.8,1353.6,599.9,80900.0,224740.0,305640.0,319456.9,4675.8,2588.0,1707.3,-0.9,-0.2,1.1,0.1,7848.178100261301,21586.0,7195.0
0,Dorchester,2558.8,1756.9,400.7,73020.0,174630.0,247650.0,261023.3,2558.8,1297.8,854.1,-1.0,0.6,0.8,0.0,3360.0933599000573,21586.0,7195.0
0,Dorchester,2427.3,1953.3,801.6,58680.0,210270.0,268950.0,283473.4,2427.3,1658.9,1234.1,-0.8,0.4,2.5,0.0,174.65122363013546,21586.0,7195.0
0,Dorchester,2847.2,1568.0,400.0,55150.0,165590.0,220740.0,229034.3,2847.2,1890.0,1304.0,-0.7,0.0,4.1,0.1,6243.875825279991,21586.0,7195.0
0,Dorchester,3370.0,1975.2,397.6,80950.0,263440.0,344390.0,362987.0,3370.0,2249.4,2116.8,-0.6,0.1,4.6,0.0,168.52709331333537,21586.0,7195.0
0,Dorchester,4283.1,1727.9,398.0,114520.0,284300.0,398820.0,420356.3,4283.1,3757.0,2338.3,-1.0,0.0,3.3,0.0,2818.5388818212787,21586.0,7195.0
0,Dorchester,4256.0,1142.0,600.3,82710.0,181520.0,264230.0,278498.6,4256.0,2324.3,1369.0,-1.0,-0.4,1.2,0.0,11307.976548024915,21586.0,7195.0
0,Dorchester,3585.2,966.3,200.2,68640.0,111720.0,180360.0,163264.6,3585.2,1631.9,1087.0,-1.0,-0.5,0.8,0.4,13904.154879969656,21586.0,7195.0
0,Dorchester,6493.4,1542.9,793.7,173156.4,315898.6,489055.0,537677.4,6493.4,5339.1,4224.8,-1.0,-0.6,0.8,0.1,6872.47831934057,21586.0,7195.0
0,Dorchester,5803.6,1153.3,398.8,121390.0,177960.0,299350.0,474077.0,5803.6,2737.6,1728.1,-1.0,-0.6,1.3,0.1,16894.52981771674,21586.0,7195.0
0,Dorchester,3726.6,1907.2,991.1,172961.7,364612.6,537574.3,566603.4,3726.6,7978.9,5471.2,-1.0,-0.2,4.6,0.0,79.16700808980636,21586.0,7195.0
0,Dorchester,5388.7,1915.7,797.4,193690.0,397310.0,591000.0,622914.2,5388.7,6069.6,4289.4,-1.0,-0.1,4.8,0.0,104.2347747546731,21586.0,7195.0
0,Dorchester,3734.5,1718.5,1400.4,133140.0,331650.0,464790.0,547584.2,3734.5,5295.4,3482.4,-1.0,-0.2,4.1,0.0,4222.474917257735,21586.0,7195.0
0,Dorchester,6470.2,1528.7,800.2,173310.0,315830.0,489140.0,478937.7,6470.2,4788.8,2999.1,-1.0,-0.2,3.8,0.2,34816.559310300945,21586.0,7195.0
0,Dorchester,22069.4,1967.5,0.0,760720.8,1951755.6,2712476.4,228049.9,22069.4,16040.1,12243.6,-1.0,-0.6,1.3,0.6,164.97277631163328,21586.0,7195.0
0,Dorchester,17168.2,1749.4,984.3,542767.8,872557.2,1415325.0,554904.8,17168.2,11547.6,8544.9,-1.0,-0.7,1.1,0.2,14394.842563536167,21586.0,7195.0
0,Dorchester,7018.8,1728.9,398.0,178830.0,300260.0,479090.0,489540.9,7018.8,4860.1,3017.2,-1.0,-0.1,4.9,0.1,14723.605854673991,21586.0,7195.0
0,Dorchester,8344.4,1167.2,799.4,181560.9,352234.7,533795.6,955185.3,8344.4,5680.3,4976.2,-1.0,-0.7,1.1,0.1,67843.91958248886,21586.0,7195.0
0,Dorchester,3560.5,1753.0,0.0,68000.0,152226.5,220226.5,247891.2,3560.5,3460.2,2767.1,-1.0,-0.1,4.8,0.1,2893.4835684062155,21586.0,7195.0
0,Dorchester,4391.3,1376.0,200.9,73956.3,138326.2,212282.5,214755.1,4391.3,3013.5,2448.6,-1.0,-0.3,2.9,0.3,8573.880595635044,21586.0,7195.0
0,Dorchester,21415.9,1344.4,598.1,629979.7,1522443.4,2152423.1,879395.2,21415.9,16400.2,14156.9,-1.0,-0.7,0.6,0.6,109881.29656081344,21586.0,7195.0
0,Dorchester,4723.9,954.5,999.0,193795.7,336069.1,529864.8,118617.2,4723.9,3240.5,2274.7,-1.0,-0.8,0.4,0.8,165124.4823916982,21586.0,7195.0
0,Dorchester,3999.4,1535.1,400.7,129617.3,340277.6,469894.9,454137.1,3999.4,4635.8,3168.2,-1.0,-0.2,4.1,0.1,21617.65053482261,21586.0,7195.0
0,Dorchester,2195.5,1744.8,200.8,77510.0,275460.0,352970.0,372030.4,2195.5,3708.7,2668.1,-0.7,-0.1,3.3,0.0,2460.288770926073,21586.0,7195.0
0,Dorchester,5868.3,1548.0,800.9,278030.0,433690.0,711720.0,1308816.6,5868.3,7086.5,5700.1,-1.0,-0.3,2.7,0.1,5529.130717610235,21586.0,7195.0
0,Dorchester,4079.2,767.5,395.8,75570.0,155610.0,231180.0,266776.1,4079.2,2421.4,1591.6,-1.0,-0.7,0.1,0.4,21753.569724782574,21586.0,7195.0
0,Dorchester,4868.0,1328.0,599.6,125600.0,254620.0,380220.0,397231.4,4868.0,3563.9,2366.9,-1.0,-0.3,2.9,0.1,8249.05072200991,21586.0,7195.0
0,Dorchester,4974.9,1736.5,600.6,114873.6,166110.0,280983.6,311414.5,4974.9,2650.6,1483.2,-1.0,-0.2,4.6,0.1,3554.643729817081,21586.0,7195.0
0,Dorchester,6064.8,1334.9,400.8,135840.0,257110.0,392950.0,333042.8,6064.8,3851.2,2474.4,-1.0,-0.4,2.7,0.3,21247.65346709954,21586.0,7195.0
0,Dorchester,4000.0,1152.7,200.2,130620.0,234960.0,365580.0,385321.5,4000.0,3500.7,2401.4,-1.0,-0.4,2.1,0.0,46890.523283641145,21586.0,7195.0
0,Dorchester,3934.7,1920.0,800.3,127590.0,290980.0,418570.0,441172.8,3934.7,3996.4,2338.8,-1.0,0.0,5.0,0.0,108.21555105897009,21586.0,7195.0
0,Dorchester,5000.0,1741.0,596.8,133610.0,288770.0,422380.0,437800.1,5000.0,5091.5,3181.9,-1.0,-0.1,5.3,0.1,7084.656206735965,21586.0,7195.0
0,Dorchester,4696.1,1720.5,400.2,141590.0,351080.0,492670.0,519274.3,4696.1,5670.7,3671.7,-1.0,-0.1,4.8,0.0,11356.662645729179,21586.0,7195.0
0,Dorchester,4440.0,1527.4,600.4,165490.0,443980.0,609470.0,572480.2,4440.0,6113.5,4231.5,-1.0,-0.2,2.7,0.2,7047.473975105879,21586.0,7195.0
0,Dorchester,4000.0,1535.4,398.7,93520.0,289540.0,383060.0,403745.3,4000.0,4376.7,2947.8,-1.0,-0.2,3.5,0.0,5431.579304965029,21586.0,7195.0
0,Dorchester,3481.4,1541.1,800.1,91260.0,307000.0,398260.0,419766.0,3481.4,4454.2,2978.5,-1.0,-0.1,2.6,0.0,4813.747679843593,21586.0,7195.0
0,Dorchester,4276.3,1915.9,599.1,107690.0,355670.0,463360.0,488381.7,4276.3,5547.5,3357.0,-0.9,0.0,4.3,0.0,91.99468400059872,21586.0,7195.0
0,Dorchester,684.1,1920.0,1994.0,0.0,158540.0,158540.0,167101.1,684.1,684.1,684.1,0.0,0.0,0.0,0.0,230.70341388567368,21586.0,7195.0
0,Dorchester,2828.4,1924.5,1196.0,84120.0,339590.0,423710.0,508641.0,2828.4,4286.8,2704.9,-0.6,-0.1,1.9,0.1,147.98240136613262,21586.0,7195.0
0,Dorchester,2381.3,1721.0,1598.8,57490.0,312330.0,369820.0,389790.5,2381.3,3817.4,2676.7,-0.7,0.1,3.8,0.0,1947.589449228019,21586.0,7195.0
0,Dorchester,3893.5,1362.0,402.8,77060.0,213750.0,290810.0,303868.1,3893.5,2858.1,1890.6,-1.0,-0.2,2.8,0.1,7545.4221238676455,21586.0,7195.0
0,Dorchester,3799.9,955.5,602.8,67230.0,199930.0,267160.0,334897.7,3799.9,3088.2,1896.1,-1.0,-0.5,1.8,0.2,12401.760483527274,21586.0,7195.0
0,Dorchester,3109.4,1916.0,801.8,103210.0,358904.0,462114.0,487068.3,3109.4,5684.0,3880.2,-1.0,-0.1,3.3,0.0,81.46970532098065,21586.0,7195.0
0,Dorchester,3279.8,1726.5,402.2,93718.0,382946.0,476664.0,502403.9,3279.8,5071.2,3361.5,-1.0,-0.1,4.9,0.0,2095.1223804836463,21586.0,7195.0
0,Dorchester,4546.8,1348.5,992.0,114150.0,262310.0,376460.0,633152.0,4546.8,5700.9,3585.6,-1.0,-0.7,0.1,0.0,8152.801069685748,21586.0,7195.0
0,Dorchester,4374.9,1542.0,801.9,128910.0,318760.0,447670.0,659390.4,4374.9,4294.7,3221.3,-1.0,-0.3,2.2,0.0,3853.8758447824557,21586.0,7195.0
0,Dorchester,85496.8,1382.4,200.6,1911962.0,1419920.5,3331882.5,1414281.0,85496.8,16100.0,10871.2,-1.0,-0.9,-0.3,0.1,9641.395192597724,21586.0,7195.0
0,Dorchester,33764.5,1807.5,200.9,529133.2,579412.3,1108545.5,1168407.1,33764.5,3972.2,2301.7,-1.0,0.1,0.2,0.0,9660.49534882553,21586.0,7195.0
0,Dorchester,6696.4,1409.1,0.0,125520.0,248030.0,373550.0,393721.8,6696.4,2903.1,1613.9,-1.0,0.3,0.4,0.0,34123.52042916634,21586.0,7195.0
0,Dorchester,11702.9,806.8,0.0,126320.0,129420.0,255740.0,269549.8,11702.9,1541.8,823.4,-1.0,-0.2,-0.2,0.0,78566.6472828351,21586.0,7195.0
0,Dorchester,5787.8,2008.9,0.0,131990.0,376650.0,508640.0,536106.8,5787.8,3865.5,2194.3,-1.0,0.9,1.0,0.0,135.8486370890928,21586.0,7195.0
0,Dorchester,37291.2,2010.0,0.0,694000.0,1320600.0,2014600.0,2123388.4,37291.2,15172.2,14566.4,-1.0,-0.4,-0.4,0.0,181.939236619367,21586.0,7195.0
0,Dorchester,32074.2,1948.3,803.0,534675.2,1116755.1,1651430.3,1977060.3,32074.2,6664.7,5441.0,-1.0,-0.5,1.3,0.1,321.439768634022,21586.0,7195.0
0,Dorchester,6589.2,1913.4,599.8,210810.0,313820.0,524630.0,489642.5,6589.2,5713.5,3479.9,-1.0,-0.4,1.7,0.1,120.29391433293384,21586.0,7195.0
0,Dorchester,4574.1,1899.0,801.8,151790.0,400840.0,552630.0,473361.9,4574.1,4120.9,2939.9,-1.0,-0.2,4.5,0.1,133.44857395298456,21586.0,7195.0
0,Dorchester,5427.7,1723.9,400.3,144057.0,344464.0,488521.0,421780.3,5427.7,4098.5,2717.6,-1.0,0.0,3.6,0.2,16728.064125765806,21586.0,7195.0
0,Dorchester,6812.9,1706.8,399.2,435650.0,562950.0,998600.0,171032.7,6812.9,7447.7,4563.0,-1.0,-0.4,2.2,0.4,4089.339376287285,21586.0,7195.0
0,Dorchester,2647.9,1898.0,800.0,83510.0,189260.0,272770.0,287499.8,2647.9,2131.9,1309.8,-1.0,0.2,2.9,0.0,129.15647600247337,21586.0,7195.0
0,Dorchester,6205.0,1907.7,997.8,196545.0,314168.7,510713.7,926317.3,6205.0,7725.2,5633.1,-1.0,-0.3,3.4,0.0,115.32087576704673,21586.0,7195.0
0,Dorchester,8143.8,1931.5,1398.1,251090.0,445700.0,696790.0,1333494.5,8143.8,6316.5,3899.9,-1.0,-0.4,1.1,0.0,126.74677309707707,21586.0,7195.0
0,Dorchester,1984.2,1904.5,1201.3,69770.0,286870.0,356640.0,375898.5,1984.2,2629.4,1806.0,-0.4,0.2,2.5,0.0,155.95923342461487,21586.0,7195.0
0,Dorchester,4045.0,1902.1,1005.2,108640.0,288340.0,396980.0,418417.0,4045.0,3483.6,2059.3,-1.0,0.1,5.0,0.0,117.63530734904494,21586.0,7195.0
0,Dorchester,2524.2,1896.0,1002.2,125850.0,278480.0,404330.0,426163.9,2524.2,2660.4,1797.8,-1.0,-0.2,4.1,0.0,155.7419373557878,21586.0,7195.0
0,Dorchester,1520.0,1894.1,401.7,67430.0,170410.0,237840.0,250683.5,1520.0,1882.0,1241.9,-1.0,0.0,5.4,0.0,126.3460108483589,21586.0,7195.0
0,Dorchester,2992.5,1931.2,795.6,94770.0,327810.0,422580.0,445399.3,2992.5,3613.4,2269.3,-0.9,0.2,3.9,0.0,125.18606114518346,21586.0,7195.0
0,Dorchester,1351.9,1970.8,400.0,8810.0,319240.0,328050.0,345764.8,1351.9,1458.3,1314.7,0.2,0.8,1.5,0.0,257.59001884812255,21586.0,7195.0
0,Dorchester,3272.7,1895.9,1000.1,98131.0,287879.0,386010.0,406854.8,3272.7,3584.1,2252.9,-0.9,0.1,3.9,0.0,121.57222036967417,21586.0,7195.0
0,Dorchester,3356.6,1912.3,599.1,109384.6,342057.0,451441.6,475819.5,3356.6,3389.1,2226.0,-1.0,0.2,4.5,0.0,138.06854102157178,21586.0,7195.0
0,Dorchester,4225.6,1780.7,396.1,120872.3,330037.3,450909.6,457667.9,4225.6,3961.9,2771.8,-1.0,0.0,2.4,0.1,6094.231349488186,21586.0,7195.0
0,Dorchester,2805.0,1718.6,1200.6,103600.0,268210.0,371810.0,391887.8,2805.0,3143.2,1913.4,-1.0,0.1,4.3,0.0,7473.319324024027,21586.0,7195.0
0,Dorchester,3922.1,1929.2,802.9,130940.0,270380.0,401320.0,500077.5,3922.1,3288.9,2137.6,-1.0,0.0,3.3,0.0,127.89148038791355,21586.0,7195.0
0,Dorchester,2987.9,1921.9,798.3,138190.0,383120.0,521310.0,676199.1,2987.9,4885.7,3364.8,-1.0,-0.1,4.1,0.0,113.88925710837736,21586.0,7195.0
0,Dorchester,3433.5,1532.5,598.8,87410.0,225650.0,313060.0,370597.8,3433.5,2607.3,1834.0,-1.0,-0.4,1.7,0.0,6405.5314234329835,21586.0,7195.0
0,Dorchester,3792.0,1911.3,800.1,102120.0,261960.0,364080.0,383740.5,3792.0,3123.0,1994.1,-1.0,0.2,5.0,0.0,118.9096721272806,21586.0,7195.0
0,Dorchester,3757.9,1537.3,199.7,122010.0,296010.0,418020.0,736242.3,3757.9,3818.3,2633.3,-1.0,-0.4,2.6,0.0,7894.66969715262,21586.0,7195.0
0,Dorchester,2740.0,1541.8,600.9,77190.0,196680.0,273870.0,400261.3,2740.0,3073.9,2236.4,-1.0,-0.3,2.7,0.0,10663.216774827666,21586.0,7195.0
0,Dorchester,5498.2,576.5,401.1,104575.4,217410.2,321985.6,724725.7,5498.2,4408.7,3855.1,-1.0,-0.8,-0.6,0.0,89430.22839560776,21586.0,7195.0
0,Dorchester,5410.5,955.0,594.7,193963.5,471202.5,665166.0,1230094.1,5410.5,7220.0,5596.4,-1.0,-0.8,0.4,0.0,37467.76410883227,21586.0,7195.0
0,Dorchester,6431.2,1161.7,796.8,198363.2,129715.2,328078.4,793205.1,6431.2,3283.3,3223.5,-1.0,-1.0,-1.0,0.0,56744.23137818917,21586.0,7195.0
0,Dorchester,8758.9,1142.9,800.3,259462.7,320284.4,579747.1,575623.5,8758.9,4944.8,3528.2,-1.0,-0.8,-0.1,0.1,84622.89631532274,21586.0,7195.0
0,Dorchester,2397.8,1967.4,0.0,37050.0,345840.0,382890.0,403566.1,2397.8,1728.4,1352.3,0.3,0.7,2.0,0.0,271.8191010347131,21586.0,7195.0
0,Dorchester,1874.0,1542.1,1002.2,37330.0,238940.0,276270.0,291188.8,1874.0,1754.4,1368.7,-0.5,0.1,2.1,0.0,4239.425964813474,21586.0,7195.0
0,Dorchester,6779.9,1533.6,1401.9,246910.0,445380.0,692290.0,512271.8,6779.9,4999.4,3358.9,-1.0,-0.6,1.1,0.3,32447.815826964383,21586.0,7195.0
0,Dorchester,3613.6,1904.5,1000.5,139440.0,393300.0,532740.0,561507.9,3613.6,4687.3,3125.2,-1.0,0.0,2.0,0.0,114.80263726140394,21586.0,7195.0
0,Dorchester,2406.6,1933.3,799.4,80930.0,364980.0,445910.0,469989.3,2406.6,3113.2,2286.3,1.0,0.0,2.8,0.0,205.67783336472976,21586.0,7195.0
0,Dorchester,2178.5,1942.7,601.0,54830.0,251514.0,306344.0,322886.8,2178.5,2324.2,1586.8,0.0,0.0,5.5,0.0,222.44332472904597,21586.0,7195.0
0,Dorchester,663.0,1962.0,0.0,0.0,191940.0,191940.0,202304.7,663.0,663.0,663.0,0.0,0.0,6.0,0.0,289.7401156214036,21586.0,7195.0
0,Dorchester,654.5,1962.0,0.0,0.0,194990.0,194990.0,205519.4,654.5,654.5,654.5,0.0,0.0,6.0,0.0,297.85605049357474,21586.0,7195.0
0,Dorchester,3170.222222222222,1547.8,996.9,40490.0,215850.0,256340.0,204001.8,3170.222222222222,1674.2,1249.6,-0.4,-0.2,2.9,0.1,15217.06297056682,21586.0,7195.0
0,Dorchester,2118.7,1955.0,804.4,39380.0,287890.0,327270.0,344942.9,2118.7,2077.8,1497.2,0.4,0.4,4.0,0.0,161.1351939657772,21586.0,7195.0
0,Dorchester,2561.3,1939.5,400.4,43880.0,256460.0,300340.0,316558.4,2561.3,2376.9,1663.8,0.0,0.0,4.0,0.0,127.07306325071784,21586.0,7195.0
0,Dorchester,3077.8,1942.6,1404.5,96530.0,393660.0,490190.0,546361.2,3077.8,3893.4,2809.7,0.2,-0.1,2.3,0.0,167.6310226533851,21586.0,7195.0
0,Dorchester,2390.8,1332.5,801.8,92240.0,303790.0,396030.0,417415.8,2390.8,3662.1,2539.7,-1.0,-0.2,2.2,0.0,4955.220851341806,21586.0,7195.0
0,Dorchester,2871.2,1901.5,201.0,139000.0,398310.0,537310.0,496571.2,2871.2,5696.0,3844.6,-1.0,0.0,3.3,0.1,94.75008746875075,21586.0,7195.0
0,Dorchester,2659.9,1523.0,397.4,104993.0,278177.0,383170.0,403861.4,2659.9,3285.0,2150.1,-1.0,-0.2,1.5,0.0,6025.864314985376,21586.0,7195.0
0,Dorchester,3954.1,1701.0,201.0,126018.0,300300.0,426318.0,449339.3,3954.1,4136.7,2626.1,-1.0,-0.1,4.3,0.0,574.6042617344539,21586.0,7195.0
0,Dorchester,5030.1,1950.0,1000.8,178160.0,375260.0,553420.0,583304.8,5030.1,4327.1,3010.4,-0.9,0.0,3.4,0.0,147.56921580494142,21586.0,7195.0
0,Dorchester,2502.1,1932.0,1602.9,85320.0,327620.0,412940.0,435238.8,2502.1,2771.0,2022.0,-0.5,-0.1,4.8,0.0,202.69116232561623,21586.0,7195.0
0,Dorchester,9551.5,1721.0,1201.6,251710.0,643300.0,895010.0,1535424.0,9551.5,5361.7,4137.9,-1.0,-0.3,1.9,0.1,17057.49252217627,21586.0,7195.0
0,Dorchester,3934.1,1717.0,1003.1,130931.0,312974.6,443905.6,556940.7,3934.1,3723.5,2711.8,-1.0,-0.3,2.4,0.0,10064.840946627508,21586.0,7195.0
0,Dorchester,4100.7,1532.0,594.7,150870.0,398070.0,548940.0,573734.4,4100.7,5127.7,3555.7,-1.0,-0.5,2.0,0.1,17362.54795603949,21586.0,7195.0
0,Dorchester,6340.0,1904.0,802.7,123350.0,333930.0,457280.0,481973.4,6340.0,3885.7,2591.9,0.2,0.1,4.0,0.0,138.9318696633518,21586.0,7195.0
0,Dorchester,12086.8,1904.9,595.7,294841.4,1283150.1,1577991.5,691256.1,12086.8,14153.6,9288.6,-1.0,-0.2,2.4,0.1,111.80111039774567,21586.0,7195.0
0,Dorchester,3887.1,1540.0,1192.7,173377.6,335837.8,509215.4,824349.2,3887.1,3765.2,2908.0,-1.0,-0.6,1.2,0.0,44958.19603003112,21586.0,7195.0
0,Dorchester,4390.7,1908.4,1598.2,214120.0,584460.0,798580.0,1611881.4,4390.7,6133.6,4448.2,-1.0,-0.7,0.6,0.0,160.93968346427891,21586.0,7195.0
0,Dorchester,5635.8,962.9,598.4,143820.0,183330.0,327150.0,350835.0,5635.8,2374.3,1609.8,-1.0,-0.5,1.3,0.3,73791.5548827385,21586.0,7195.0
0,Dorchester,5810.1,574.4,599.3,95030.0,638870.0,733900.0,1419965.0,5810.1,3370.8,2764.8,-1.0,-0.9,-0.8,0.0,434069.9882024423,21586.0,7195.0
0,Dorchester,3312.4,1532.3,998.6,115500.0,276380.0,391880.0,487561.2,3312.4,4002.9,2500.7,-1.0,-0.3,3.5,0.1,10857.661328084703,21586.0,7195.0
0,Dorchester,3470.0,1910.6,796.5,134850.0,385960.0,520810.0,548933.9,3470.0,5547.1,3894.0,-1.0,-0.3,3.4,0.0,106.30868923292323,21586.0,7195.0
0,Dorchester,3686.1,964.6,599.5,96322.8,271558.8,367881.6,256796.6,3686.1,4204.0,3381.7,-1.0,-0.6,1.2,0.4,35996.72262946342,21586.0,7195.0
0,Dorchester,4040.9,1535.1,992.5,143080.0,364690.0,507770.0,516649.6,4040.9,6297.4,4644.5,-1.0,-0.5,1.4,0.1,19389.57156226945,21586.0,7195.0
0,Dorchester,3159.8,1332.0,598.4,82360.0,226160.0,308520.0,313923.5,3159.8,3079.9,1927.0,-1.0,-0.3,1.4,0.3,10748.48801876743,21586.0,7195.0
0,Dorchester,3173.3,1912.0,1001.0,94610.0,439850.0,534460.0,563321.0,3173.3,5371.2,3727.3,-0.8,0.0,4.5,0.0,104.9465474106401,21586.0,7195.0
0,Dorchester,2357.4,1907.1,1202.0,57400.0,261240.0,318640.0,335846.8,2357.4,2998.9,1975.4,-0.3,0.0,4.4,0.0,135.11963200974648,21586.0,7195.0
0,Dorchester,3382.8,1714.0,801.0,96910.0,288540.0,385450.0,474611.4,3382.8,4480.6,2801.4,-1.0,-0.2,2.0,0.1,2388.171333844353,21586.0,7195.0
0,Dorchester,3000.0,1715.5,799.9,87060.0,316100.0,403160.0,424930.7,3000.0,4124.8,2623.9,-1.0,0.2,3.8,0.0,2489.736822865515,21586.0,7195.0
0,Dorchester,3386.4,1739.4,997.1,100790.0,327910.0,428700.0,451850.0,3386.4,4649.4,3149.4,-1.0,-0.1,1.6,0.0,3339.466375782448,21586.0,7195.0
0,Dorchester,3000.0,1904.0,799.8,102413.5,364251.5,466665.0,491864.9,3000.0,4485.4,2899.9,-1.0,0.1,3.5,0.0,104.74509923362264,21586.0,7195.0
0,Dorchester,3062.7,1334.0,400.1,83790.0,230520.0,314310.0,327456.9,3062.7,3012.7,1918.2,-1.0,-0.3,1.3,0.1,8811.263951987134,21586.0,7195.0
0,Dorchester,3039.4,1535.7,799.2,102470.0,325820.0,428290.0,451417.9,3039.4,4421.1,2969.1,-1.0,-0.3,1.9,0.0,4936.193082237636,21586.0,7195.0
0,Dorchester,4402.7,1736.5,798.2,117400.0,386150.0,503550.0,522004.1,4402.7,4698.7,3114.5,-1.0,0.0,1.8,0.1,8388.16519533377,21586.0,7195.0
0,Dorchester,3366.3,1905.5,200.5,117080.0,403640.0,520720.0,548838.8,3366.3,5422.8,3595.8,-1.0,0.1,2.5,0.0,96.28055663499953,21586.0,7195.0
0,Dorchester,3257.6,1723.0,601.4,104730.0,324970.0,429700.0,452903.7,3257.6,4535.7,2838.8,-1.0,0.0,2.8,0.0,2186.3858918128944,21586.0,7195.0
0,Dorchester,4695.8,1529.0,599.7,136558.1,285261.6,421819.7,444598.0,4695.8,4533.4,2815.0,-1.0,-0.2,2.4,0.0,11191.449840438318,21586.0,7195.0
0,Dorchester,41462.0,1908.2,1002.0,4559450.0,9199770.0,13759220.0,343446.1,41462.0,30007.8,20514.3,-1.0,-0.2,2.5,0.4,219.93174525026194,21586.0,7195.0
0,Dorchester,4677.9,1930.7,1002.7,147550.0,373700.0,521250.0,583060.6,4677.9,4979.8,3360.0,-1.0,0.0,3.3,0.0,110.93075194514233,21586.0,7195.0
0,Dorchester,3735.4,1520.0,600.4,124140.0,306700.0,430840.0,446274.2,3735.4,4729.8,2896.5,-1.0,-0.2,3.6,0.2,7502.41726913419,21586.0,7195.0
0,Dorchester,5284.8,1333.0,600.6,138320.0,317000.0,455320.0,460513.8,5284.8,3955.1,2813.8,-1.0,-0.3,3.4,0.1,26496.031343786985,21586.0,7195.0
0,Dorchester,3842.8,1908.0,1201.6,166020.0,424560.0,590580.0,622471.5,3842.8,5535.5,3587.0,-1.0,0.1,3.5,0.0,106.71387886881708,21586.0,7195.0
0,Dorchester,3502.5,1906.5,998.2,140570.0,413380.0,553950.0,583863.4,3502.5,5256.3,3455.6,-1.0,0.1,4.5,0.0,105.28195715498859,21586.0,7195.0
0,Dorchester,3142.4,1334.0,599.0,110260.0,258150.0,368410.0,470870.7,3142.4,3571.7,2237.8,-1.0,-0.4,1.5,0.0,7822.463484780928,21586.0,7195.0
0,Dorchester,2952.1,1910.5,801.7,121760.0,376810.0,498570.0,525492.8,2952.1,5144.2,3209.6,-1.0,0.1,3.0,0.0,97.47580328656991,21586.0,7195.0
0,Dorchester,3452.3,1534.8,1194.5,113515.4,302132.8,415648.2,456115.1,3452.3,3754.7,2462.9,-1.0,-0.2,0.9,0.1,21483.109325451664,21586.0,7195.0
0,Dorchester,3500.5,1718.0,796.8,133410.0,369940.0,503350.0,530531.0,3500.5,5234.8,3357.3,-1.0,0.0,1.8,0.0,5926.287361676123,21586.0,7195.0
0,Dorchester,4278.5,1905.0,801.0,142690.0,239500.0,382190.0,402828.5,4278.5,4184.9,2428.0,-1.0,0.0,2.0,0.0,93.64989986642496,21586.0,7195.0
0,Dorchester,3225.0,1914.0,999.0,116971.5,252960.5,369932.0,389908.6,3225.0,3939.1,2358.7,-1.0,0.0,3.0,0.0,95.33010855553552,21586.0,7195.0
0,Downtown,19528.5,1916.8,2009.9,24715584.4,72945819.4,97661403.8,210567184.5,19528.5,347743.0,322500.6,-1.0,-1.0,-1.0,0.1,259.63140497544134,3992.0,1330.0
0,Downtown,6202.8,1537.5,1402.7,4904740.0,8654850.0,13559590.0,32711850.0,6202.8,52999.0,48031.3,-1.0,-1.0,-1.0,0.2,403432.56044529285,3992.0,1330.0
0,Downtown,5696.8,1928.6,1795.9,4449458.2,12796274.2,17245732.4,41732695.7,5696.8,70901.6,57769.2,-1.0,-1.0,-1.0,0.0,105078.77915508967,3992.0,1330.0
0,Downtown,3027.5,1391.6,604.4,1900410.0,4112620.0,6013030.0,14355369.9,3027.5,19331.9,17562.9,0.0,0.0,0.0,0.0,263091.7967516741,3992.0,1330.0
0,Downtown,1039.8,2005.9,201.4,0.0,748100.0,748100.0,788497.5,1039.8,1039.8,1039.8,1.6,1.0,1.0,0.0,712.2640323389904,3992.0,1330.0
0,Downtown,1104.8,2006.0,0.0,0.0,854100.0,854100.0,900221.4,1104.8,1104.8,1104.8,1.0,1.0,1.0,0.0,772.2265748944254,3992.0,1330.0
0,Downtown,932.4,2005.9,604.9,0.0,681412.8,681412.8,718209.3,932.4,932.4,932.4,1.0,1.0,1.0,0.0,742.869128337613,3992.0,1330.0
0,Downtown,931.0,2006.0,0.0,0.0,698500.0,698500.0,736219.0,931.0,931.0,931.0,1.2,1.0,1.0,0.0,759.9067355726335,3992.0,1330.0
0,Downtown,979.4,2005.9,0.0,0.0,720920.0,720920.0,759849.7,979.4,979.4,979.4,1.0,1.0,1.0,0.0,730.6470814454349,3992.0,1330.0
0,Downtown,991.4,2006.0,0.0,0.0,748720.0,748720.0,789150.9,991.4,991.4,991.4,1.0,1.0,1.0,0.0,762.4823901981478,3992.0,1330.0
0,Downtown,953.0,2006.0,0.0,0.0,731483.6,731483.6,770983.8,953.0,953.0,953.0,1.2,1.0,1.0,0.0,775.5200202077468,3992.0,1330.0
0,Downtown,1210.6,2006.0,0.0,0.0,1027580.0,1027580.0,1083069.5,1210.6,1210.6,1210.6,1.0,1.0,1.0,0.0,837.0994848428952,3992.0,1330.0
0,Downtown,1596.9,2006.0,201.6,0.0,1456672.9,1456672.9,1535333.3,1596.9,1596.9,1596.9,1.2,1.0,1.0,0.0,905.1734443210314,3992.0,1330.0
0,Downtown,2251.5,1723.9,1604.3,807930.0,2566823.8,3374753.8,6356906.4,2251.5,11366.6,9508.2,-0.8,-0.8,-0.8,0.0,57042.10626842703,3992.0,1330.0
0,Downtown,935.7,1950.1,1204.3,126950.0,764330.0,891280.0,1117945.3,935.7,1919.9,1747.9,1.8,0.8,0.8,0.0,715.2731402479743,3992.0,1330.0
0,Downtown,6454.8,1721.9,1793.4,6080520.0,20477550.0,26558070.0,65804527.4,6454.8,83567.5,78498.6,-0.2,-0.5,-0.2,0.0,114356.5981788213,3992.0,1330.0
0,Downtown,1706.5,1531.0,1607.4,251610.0,1226390.0,1478000.0,3139085.5,1706.5,3490.9,3034.0,1.4,0.2,0.2,0.0,314986.65224102646,3992.0,1330.0
0,Downtown,840.6,1910.0,2006.9,0.0,609890.0,609890.0,642824.2,840.6,840.6,840.6,3.0,1.0,1.0,0.0,736.2515067798494,3992.0,1330.0
0,Downtown,744.3,1910.0,2007.0,0.0,551190.0,551190.0,580954.4,744.3,744.3,744.3,3.0,1.0,1.0,0.0,748.5707662465275,3992.0,1330.0
0,Downtown,895.6,1910.0,2007.0,0.0,651790.0,651790.0,686986.7,895.6,895.6,895.6,3.0,1.0,1.0,0.0,735.6537646900963,3992.0,1330.0
0,Downtown,3791.0,1917.3,2004.0,3029861.5,12815906.0,15845767.5,38441134.6,3791.0,44163.3,42017.8,1.8,0.6,0.6,0.0,66073.60508771567,3992.0,1330.0
0,Downtown,16190.555555555555,1936.8,1812.0,23476796.1,87018344.8,110495140.9,272327802.5,16190.555555555555,228415.0,220540.9,-1.0,-1.0,-1.0,0.1,345.8468374436021,3992.0,1330.0
0,Downtown,96402.11111111111,777.6,601.2,17913140.0,70491510.0,88404650.0,194695500.0,96402.11111111111,197256.6,186659.0,-1.0,-1.0,-1.0,0.2,24693609.18730173,3992.0,1330.0
0,Downtown,5826.5,379.8,402.3,286489.6,1735536.8,2022026.4,4961654.4,5826.5,5437.9,4551.6,-0.6,-0.8,-0.8,0.0,1540138.7917680717,3992.0,1330.0
0,Downtown,5471.1,1905.3,1999.8,5000640.0,10200740.0,15201380.0,37677698.1,5471.1,53311.7,50242.0,0.2,-0.4,-0.4,0.0,313.93469152093945,3992.0,1330.0
0,Downtown,16717.8,1739.8,1805.3,15351770.0,64057940.0,79409710.0,190623655.7,16717.8,241685.0,233441.0,1.0,0.0,0.0,0.1,3017557.202545042,3992.0,1330.0
0,Downtown,958.2,1899.0,2005.0,0.0,610350.0,610350.0,643309.0,958.2,958.2,958.2,3.0,1.0,1.0,0.0,633.9038512917249,3992.0,1330.0
0,Downtown,979.8,1899.0,2005.0,0.0,647150.0,647150.0,682096.0,979.8,979.8,979.8,3.0,1.0,1.0,0.0,661.6711565915205,3992.0,1330.0
0,Downtown,895.1,1899.0,2005.0,0.0,593280.0,593280.0,625317.1,895.1,893.1,893.1,3.0,1.0,1.0,0.0,665.3886079511663,3992.0,1330.0
0,Downtown,12866.1,1918.0,2006.1,20100720.0,61153690.0,81254410.0,201958099.1,12866.1,219045.6,180070.9,1.8,0.4,0.4,0.0,625.8786319904533,3992.0,1330.0
0,Downtown,7462.1,1792.5,402.5,13937210.0,52901360.0,66838570.0,166512573.7,7462.1,159664.9,148378.0,0.4,0.4,0.4,0.0,72807.92582410401,3992.0,1330.0
0,Downtown,873.6,2006.0,0.0,0.0,582620.0,582620.0,614081.6,873.6,873.6,873.6,1.0,1.0,1.0,0.0,665.6564438816625,3992.0,1330.0
0,Downtown,871.9,2006.0,201.6,0.0,641614.1,641614.1,676261.4,871.9,871.9,871.9,1.0,1.0,1.0,0.0,736.0482118716949,3992.0,1330.0
0,Downtown,2720.8,1594.1,201.6,964490.0,2864590.0,3829080.0,8831364.7,2720.8,10755.1,9313.7,0.4,0.4,0.4,0.0,146312.84451801356,3992.0,1330.0
0,Downtown,1181.1,1710.0,1799.8,0.0,632380.0,632380.0,738395.0,1181.1,1154.1,1104.1,2.6,0.8,1.3,0.0,50155.70508007798,3992.0,1330.0
0,Downtown,1282.0,1900.0,1999.6,0.0,687910.0,687910.0,725057.3,1282.0,1282.0,1282.0,3.0,1.0,1.0,0.0,532.7633125863314,3992.0,1330.0
0,Downtown,1277.5,1900.0,1998.1,0.0,701330.0,701330.0,739202.0,1277.5,1277.5,1277.5,2.4,1.0,1.5,0.0,545.1085421562376,3992.0,1330.0
0,Downtown,31597.6,1746.2,1804.7,19520820.0,52449520.0,71970340.0,173066372.3,31597.6,224900.7,207621.2,-0.6,-0.8,-0.8,0.1,220620.12696253863,3992.0,1330.0
0,Downtown,15116.6,0.0,0.0,0.0,5783900.0,5783900.0,14459750.0,15116.6,0.0,0.0,-1.0,-1.0,-1.0,0.0,5783900.0,3992.0,1330.0
0,Downtown,17042.14285714286,0.0,0.0,0.0,6174000.0,6174000.0,15435000.0,17042.14285714286,0.0,0.0,-1.0,-1.0,-1.0,0.0,6174000.0,3992.0,1330.0
0,Chinatown,610.4,1519.2,1598.6,69330.0,317990.0,387320.0,498489.3,610.4,1269.4,1047.3,-0.2,-0.5,2.5,0.1,15934.349612211148,413.0,137.0
0,Chinatown,4196.3,1708.0,1800.3,434720.0,1170360.0,1605080.0,1133547.6,4196.3,6850.6,5464.9,-0.9,-0.9,-0.3,0.3,273981.4687423247,413.0,137.0
0,Chinatown,695.4,1890.9,1984.0,29390.0,383960.0,413350.0,463729.1,695.4,902.4,826.4,-0.1,-0.1,5.3,0.0,559.0080064511037,413.0,137.0
0,Chinatown,1031.857142857143,1904.0,1716.142857142857,278157.14285714284,438428.5714285714,716585.7142857143,872420.8571428572,1031.857142857143,2802.5714285714284,1996.142857142857,-1.0,-0.42857142857142855,1.2857142857142858,0.0,261.3035180711041,413.0,137.0
0,South Boston Waterfront,1517.0,2015.0,0.0,0.0,2158070.0,2158070.0,2274605.9,1517.0,1517.0,1517.0,1.0,1.0,1.0,0.0,1323.0161569491868,878.0,292.0
0,South Boston Waterfront,1517.0,2015.0,0.0,0.0,2211460.0,2211460.0,2330878.9,1517.0,1517.0,1517.0,1.0,1.0,1.0,0.0,1388.994535461155,878.0,292.0
0,South Boston Waterfront,1724.2,2015.0,0.0,0.0,2642650.0,2642650.0,2785353.1,1724.2,1724.2,1724.2,1.0,1.0,1.0,0.0,1487.130542875517,878.0,292.0
0,South Boston Waterfront,1685.0,2015.0,0.0,0.0,2650010.0,2650010.0,2793110.5,1685.0,1685.0,1685.0,1.0,1.0,1.0,0.0,1540.1841539159257,878.0,292.0
0,South Boston Waterfront,1517.0,2015.0,0.0,0.0,2376170.0,2376170.0,2504483.3,1517.0,1517.0,1517.0,1.0,1.0,1.0,0.0,1476.5061180850985,878.0,292.0
0,South Boston Waterfront,1860.0,2015.0,0.0,0.0,2980210.0,2980210.0,3141141.3,1860.0,1860.0,1860.0,1.0,1.0,1.0,0.0,1539.3963566490982,878.0,292.0
0,South Boston Waterfront,1937.4,2015.0,0.0,0.0,3425230.0,3425230.0,3610192.5,1937.4,1937.4,1937.4,1.0,1.0,1.0,0.0,1631.321607993732,878.0,292.0
0,South Boston Waterfront,1629.6,2015.0,0.0,0.0,2806186.0,2806186.0,2957720.1,1629.6,1629.6,1629.6,1.0,1.0,1.0,0.0,1520.9919794401235,878.0,292.0
0,Leather District,2458.5555555555557,1519.2,1604.6,16930.0,1834200.9,1851130.9,1548650.2,2458.5555555555557,2163.2,2163.2,1.8,0.6,0.6,0.1,422508.48569870676,403.0,134.0
0,Leather District,1607.0,950.0,997.9,0.0,698580.0,698580.0,957276.8,1607.0,683.6,683.6,1.0,0.0,0.7,0.1,308185.46839893464,403.0,134.0
0,Leather District,1459.5,1519.9,1601.9,85570.0,866210.0,951780.0,1352354.9,1459.5,2877.2,2598.1,1.6,0.4,3.4,0.0,105412.66575905455,403.0,134.0
0,Leather District,1362.7142857142858,0.0,0.0,0.0,339214.28571428574,339214.28571428574,848035.7142857143,1362.7142857142858,0.0,0.0,-1.0,-1.0,-1.0,0.0,339214.28571428574,403.0,134.0
0,South End,1113.7,1528.5,1391.4,0.0,846680.0,846680.0,1218473.9,1113.7,726.0,726.0,1.9,0.6,0.2,0.0,226178.43255015067,7337.0,2445.0
0,South End,798.7,1900.0,1990.8,0.0,678460.0,678460.0,715096.7,798.7,798.7,798.7,2.1,1.0,0.0,0.0,849.7983970969638,7337.0,2445.0
0,South End,1354.5,1907.6,1398.1,346950.0,1023680.0,1370630.0,1911474.3,1354.5,3203.8,2586.3,0.0,-0.3,0.0,0.0,583.5150960192851,7337.0,2445.0
0,South End,806.6,1898.4,1788.7,0.0,667990.0,667990.0,704061.5,806.6,806.6,806.6,0.9,0.1,6.0,0.0,838.5597838722861,7337.0,2445.0
0,South End,1176.0,1755.4,998.1,58300.0,1101370.0,1159670.0,1334968.2,1176.0,1395.0,1235.0,1.1,0.3,1.5,0.0,35058.519019811276,7337.0,2445.0
0,South End,866.8,1520.0,1599.6,72710.0,688320.0,761030.0,953232.8,866.8,791.4,709.4,0.3,0.4,0.3,0.0,105253.12661522915,7337.0,2445.0
0,South End,948.2,1899.2,2009.0,116665.6,910678.6,1027344.2,1082820.9,948.2,1377.3,1215.8,2.2,0.8,0.8,0.0,885.0935578259239,7337.0,2445.0
0,South End,982.1,1903.7,1999.4,218424.7,1047163.2,1265587.9,1333929.8,982.1,2028.6,1703.3,1.4,0.1,3.7,0.0,757.736230381857,7337.0,2445.0
0,South End,1093.1,1927.0,1998.3,200540.0,1171360.0,1371900.0,1445982.7,1093.1,1874.6,1617.8,0.3,0.5,4.5,0.0,808.2358273570837,7337.0,2445.0
0,South End,741.0,1901.5,1000.9,157360.0,927540.0,1084900.0,1143484.7,741.0,1553.7,1316.2,0.5,0.1,4.8,0.0,782.951305985048,7337.0,2445.0
0,South End,863.2,1891.7,2007.7,265740.0,1305520.0,1571260.0,1656108.2,863.2,2020.9,1744.3,1.0,0.4,5.0,0.0,839.6353516959618,7337.0,2445.0
0,South End,1103.7,1702.3,1810.5,413480.0,1899300.0,2312780.0,2437670.3,1103.7,2370.2,2106.3,0.0,0.7,2.1,0.0,21694.57343499513,7337.0,2445.0
0,South End,1250.7,1890.0,1404.3,308300.0,1732560.0,2040860.0,2151066.7,1250.7,2569.9,2449.2,0.4,0.6,3.0,0.0,830.3126405340818,7337.0,2445.0
0,South End,1200.1,1902.7,1999.9,307446.3,1330678.0,1638124.3,1726583.1,1200.1,2555.0,2102.1,0.6,0.5,3.3,0.0,703.8748092594973,7337.0,2445.0
0,South End,1179.0,1887.9,1988.7,62680.0,930150.0,992830.0,1046442.9,1179.0,1458.5,1349.5,2.3,0.4,5.3,0.0,778.0580516352568,7337.0,2445.0
0,South End,1383.2,1918.6,2002.4,26740.0,1213860.0,1240600.0,1342070.8,1383.2,1647.3,1538.3,1.4,0.3,3.8,0.0,862.5634351001897,7337.0,2445.0
0,South End,906.8,1519.6,1592.1,0.0,689980.0,689980.0,813926.8,906.8,725.8,725.8,1.0,0.1,2.2,0.0,60656.525110840565,7337.0,2445.0
0,South End,1662.7,1891.9,2008.1,678700.0,2144630.0,2823330.0,2975790.1,1662.7,3355.4,3000.8,0.2,0.6,2.2,0.0,844.59331517735,7337.0,2445.0
0,South End,1088.9,1898.2,2003.7,194600.0,956420.0,1151020.0,1213175.2,1088.9,1501.1,1443.5,1.3,0.1,3.7,0.0,783.6350375376627,7337.0,2445.0
0,South End,1407.7,1908.8,1600.3,0.0,1410832.5,1410832.5,1487017.7,1407.7,1407.7,1407.7,1.2,0.5,4.5,0.0,948.8499169188717,7337.0,2445.0
0,South End,1289.2,1892.5,1996.3,431630.0,1454570.0,1886200.0,1988055.0,1289.2,2874.2,2589.5,0.3,0.3,3.1,0.0,722.3777332442597,7337.0,2445.0
0,South End,747.3,1900.0,1991.5,0.0,618590.0,618590.0,651994.0,747.3,747.3,704.8,1.8,0.0,3.0,0.0,872.2350765124695,7337.0,2445.0
0,South End,1044.3,1887.4,1994.6,68460.0,859500.0,927960.0,978069.8,1044.3,1463.2,1369.9,1.1,0.0,2.9,0.0,811.8180407307125,7337.0,2445.0
0,South End,1281.0,1898.6,2002.9,227940.0,1147110.0,1375050.0,1449302.8,1281.0,2141.0,1910.0,1.1,0.4,2.6,0.0,820.1589098045928,7337.0,2445.0
0,South End,1266.9,1878.0,1997.2,100640.0,1290380.0,1391020.0,1466135.2,1266.9,1514.1,1435.4,1.5,1.0,1.3,0.0,939.0868712364994,7337.0,2445.0
0,South End,982.3,1876.4,1997.8,209130.0,1221920.0,1431050.0,1508326.8,982.3,1732.9,1466.0,1.2,0.4,4.3,0.0,864.1190596204704,7337.0,2445.0
0,South End,1413.7,1887.7,1793.6,507170.0,1673280.0,2180450.0,2298194.4,1413.7,3264.7,2516.1,0.2,-0.1,2.2,0.0,694.7423486925932,7337.0,2445.0
0,South End,1198.2,1888.6,1988.2,164980.0,1144430.0,1309410.0,1380118.3,1198.2,1811.4,1599.1,1.6,0.4,3.4,0.0,836.5677140389844,7337.0,2445.0
0,South End,829.3,1890.0,1986.3,0.0,665930.0,665930.0,701890.4,829.3,829.3,829.3,1.5,0.0,4.2,0.0,819.5380924951817,7337.0,2445.0
0,South End,857.3,1889.0,1992.4,0.0,750590.0,750590.0,791122.0,857.3,857.3,857.3,3.0,0.3,0.0,0.0,886.3747966297138,7337.0,2445.0
0,South End,874.7,1880.4,1993.9,0.0,771070.0,771070.0,812707.8,874.7,874.7,874.7,2.4,0.4,2.2,0.0,914.0307208495176,7337.0,2445.0
0,South End,840.5,1866.0,1987.4,0.0,861090.0,861090.0,907589.0,840.5,840.5,840.5,0.4,1.0,3.7,0.0,1021.1863027478078,7337.0,2445.0
0,South End,953.3,1866.0,1994.2,0.0,946220.0,946220.0,997316.0,953.3,953.3,953.3,2.1,1.0,3.6,0.0,992.8771533854431,7337.0,2445.0
0,South End,934.8,1866.9,1990.8,0.0,836150.0,836150.0,881302.0,934.8,934.8,934.8,0.9,1.0,4.0,0.0,904.0981157394574,7337.0,2445.0
0,South End,919.0,1866.0,1995.1,0.0,907885.0,907885.0,956910.9,919.0,919.0,919.0,1.8,1.0,4.0,0.0,988.092220122506,7337.0,2445.0
0,South End,967.6,1866.0,1988.7,0.0,957408.0,957408.0,1009108.2,967.6,967.6,967.6,1.9,1.0,4.0,0.0,990.0469785926268,7337.0,2445.0
0,South End,1102.2,1878.3,1995.1,93260.0,915730.0,1008990.0,1127016.5,1102.2,1496.6,1289.7,0.7,0.5,3.1,0.0,751.5420047114044,7337.0,2445.0
0,South End,1030.3,1896.6,2002.7,342677.2,1312969.6,1655646.8,1745051.9,1030.3,2340.0,1851.0,-0.1,0.3,3.3,0.0,724.4778487191262,7337.0,2445.0
0,South End,1599.1,1902.5,1996.4,340130.0,1003190.0,1343320.0,1415859.4,1599.1,2816.8,2290.0,1.4,-0.4,3.2,0.0,665.3378476510456,7337.0,2445.0
0,South End,1704.2,1991.0,403.2,83010.0,1069570.0,1152580.0,1214819.6,1704.2,2125.4,1913.4,2.4,0.8,0.8,0.0,675.8364674818885,7337.0,2445.0
0,South End,1589.9,1917.9,1401.3,180500.0,1866440.0,2046940.0,2226774.4,1589.9,2440.5,2262.3,1.7,0.4,3.3,0.0,906.3331634877029,7337.0,2445.0
0,South End,951.3,1916.5,1991.9,54470.0,884450.0,938920.0,989621.9,951.3,1471.9,1338.5,2.6,0.4,3.5,0.0,859.7183017887088,7337.0,2445.0
0,South End,622.2,1902.0,1996.2,0.0,584900.0,584900.0,616484.6,622.2,622.2,622.2,2.2,0.4,3.0,0.0,1000.1074460708847,7337.0,2445.0
0,South End,1120.0,1883.4,2001.0,141260.0,1147540.0,1288800.0,1358395.5,1120.0,1571.2,1462.4,2.0,0.3,2.1,0.0,891.2700976608018,7337.0,2445.0
0,South End,1019.6,1888.5,1997.6,142540.0,990510.0,1133050.0,1194234.8,1019.6,1468.0,1362.4,2.0,0.4,2.8,0.0,857.0965388183886,7337.0,2445.0
0,South End,893.8,1899.6,1799.5,34980.0,722380.0,757360.0,798257.6,893.8,1160.3,1077.6,2.6,0.4,4.3,0.0,839.9546326049154,7337.0,2445.0
0,South End,1143.3,1883.4,1803.0,166693.7,1030578.0,1197271.7,1261924.5,1143.3,1518.8,1391.3,1.3,0.8,2.3,0.0,900.2030700926322,7337.0,2445.0
0,South End,1306.1,1927.6,1803.5,237060.0,1253450.0,1490510.0,1740047.9,1306.1,2340.6,2037.1,1.3,0.1,0.0,0.0,799.8134353770795,7337.0,2445.0
0,South End,1057.1,1895.0,1992.6,181160.0,995532.0,1176692.0,1240233.4,1057.1,1461.1,1273.3,1.0,0.4,3.7,0.0,864.3479524681537,7337.0,2445.0
0,South End,1653.0,1886.5,1602.0,610610.0,1807090.0,2417700.0,2548255.9,1653.0,3059.4,2664.3,0.6,0.5,4.5,0.0,826.2429221095492,7337.0,2445.0
0,South End,1666.1,1882.2,2005.4,795450.0,2192320.0,2987770.0,3149109.8,1666.1,3598.8,3305.3,-0.2,0.9,3.5,0.0,859.8047847991791,7337.0,2445.0
0,South End,2411.7,1876.5,2001.0,745800.0,2820040.0,3565840.0,3758395.3,2411.7,5152.1,4218.9,0.0,0.8,2.3,0.0,817.3746110964642,7337.0,2445.0
0,South End,2075.0,1881.5,2004.3,1059830.0,2028250.0,3088080.0,3254836.4,2075.0,4138.8,3386.9,-1.0,0.6,3.5,0.0,745.0698304238542,7337.0,2445.0
0,South End,1777.3,1880.8,1805.9,747687.2,1751692.0,2499379.2,2634345.8,1777.3,3470.7,2633.2,-0.8,0.5,3.4,0.0,701.9981790775149,7337.0,2445.0
0,South End,1030.4,1709.1,1805.8,74620.0,720890.0,795510.0,1128948.7,1030.4,1650.0,1366.0,1.8,-0.3,3.9,0.0,73239.8578241461,7337.0,2445.0
0,South End,896.0,1339.7,1203.7,127710.0,582630.0,710340.0,967926.4,896.0,1103.7,903.7,0.6,-0.3,1.8,0.0,66932.57123056283,7337.0,2445.0
0,South End,1391.8,1724.3,1803.3,69610.0,1411606.2,1481216.2,1635381.7,1391.8,1478.5,1382.3,1.6,0.6,0.6,0.0,52204.387948026764,7337.0,2445.0
0,South End,1566.3333333333333,1699.2,1599.0,243230.0,1506070.0,1749300.0,1843762.2,1566.3333333333333,2036.8,1805.1,0.7,0.4,2.6,0.0,4532.1729773578045,7337.0,2445.0
0,South End,825.3,1887.4,2001.8,218739.6,774008.0,992747.6,1046356.0,825.3,1495.9,1120.9,0.9,0.0,4.8,0.0,816.1302585787014,7337.0,2445.0
0,South End,1789.5,1920.4,1799.2,82580.0,1976760.0,2059340.0,2170544.4,1789.5,2179.4,2069.9,1.7,0.6,4.0,0.0,924.6042031380548,7337.0,2445.0
0,South End,1058.3,1884.5,1991.4,233610.0,1296350.0,1529960.0,1612578.0,1058.3,2127.8,1984.4,1.5,0.5,1.9,0.0,798.703369591414,7337.0,2445.0
0,South End,792.1,1923.6,2003.6,0.0,766450.0,766450.0,807838.3,792.1,792.1,792.1,3.0,0.5,3.4,0.0,970.9901134925276,7337.0,2445.0
0,South End,708.5,1894.8,2002.1,0.0,660130.0,660130.0,695777.1,708.5,708.5,708.5,3.0,0.7,0.7,0.0,936.4648320425022,7337.0,2445.0
0,South End,954.8,1895.2,1994.9,15992.4,847627.3,863619.7,910255.2,954.8,1307.1,1220.3,1.3,-0.1,3.5,0.0,844.6598787263223,7337.0,2445.0
0,South End,1145.9,1899.3,1999.9,62230.0,1133501.5,1195731.5,1260301.2,1145.9,1446.3,1446.3,1.1,0.2,2.3,0.0,909.7171473743049,7337.0,2445.0
0,South End,1131.5,1880.5,1991.6,84060.0,1121240.0,1205300.0,1270386.3,1131.5,1448.3,1413.9,2.1,0.4,3.2,0.0,896.2740200812865,7337.0,2445.0
0,South End,1089.3,1886.0,2002.9,0.0,1090661.5,1090661.5,1149557.3,1089.3,1089.3,1079.3,2.0,0.3,6.0,0.0,970.1009972966169,7337.0,2445.0
0,South End,1352.4,1865.9,1804.4,461756.6,1688389.4,2150146.0,2266254.1,1352.4,2948.4,2606.4,0.0,0.4,3.8,0.0,796.1732031451895,7337.0,2445.0
0,South End,1686.7,1877.0,2008.6,459555.8,1998216.0,2457771.8,2590491.5,1686.7,3147.9,2829.4,0.2,0.7,1.8,0.0,839.1156016999009,7337.0,2445.0
0,South End,1151.3,1899.4,1609.9,343240.0,1287250.0,1630490.0,1839060.7,1151.3,1814.4,1444.6,0.6,0.6,1.1,0.0,84060.71057368771,7337.0,2445.0
0,South End,1167.9,1932.9,2010.3,66880.0,1007319.5,1074199.5,1259756.7,1167.9,1959.1,1732.8,2.2,0.6,0.6,0.0,818.9368785130926,7337.0,2445.0
0,South End,2091.6,1726.9,1801.7,66880.0,1139630.0,1206510.0,1905163.5,2091.6,1873.1,1664.3,0.6,0.4,0.4,0.0,328757.52602529386,7337.0,2445.0
0,South End,1054.6666666666667,1924.0,2007.0,0.0,648200.0,648200.0,683202.8333333334,1054.6666666666667,1054.6666666666667,1054.6666666666667,1.0,1.0,1.0,0.0,602.401558600795,7337.0,2445.0
0,Bay Village,808.7,1890.7,2007.2,103940.0,772750.0,876690.0,924031.3,808.7,1193.6,1014.0,1.9,0.1,2.0,0.0,832.7083574672404,418.0,139.0
0,Bay Village,561.8,1890.0,1786.3,55100.0,529580.0,584680.0,616252.8,561.8,730.5,688.8,2.3,0.0,6.0,0.0,909.9220319745103,418.0,139.0
0,Bay Village,1144.5,1882.5,1604.1,362790.0,1026440.0,1389230.0,1464248.6,1144.5,2668.7,2020.4,0.2,-0.1,2.9,0.0,654.1044157471977,418.0,139.0
0,Bay Village,807.8571428571429,1885.7142857142858,851.0,67285.71428571429,720814.2857142857,788100.0,830657.5714285715,807.8571428571429,1135.4285714285713,1049.7142857142858,1.5714285714285714,0.42857142857142855,1.5714285714285714,0.0,837.291120391758,418.0,139.0
0,Fenway,1283.5,1910.0,1991.9,166690.0,811740.0,978430.0,1031265.3,1283.5,2469.5,2127.8,1.2,0.0,1.0,0.0,620.346970704547,3993.0,1331.0
0,Fenway,1789.8,1918.0,1991.6,354540.0,569870.0,924410.0,1042350.6,1789.8,7242.1,6132.4,-0.1,0.8,0.8,0.0,764.0316661670103,3993.0,1331.0
0,Fenway,600.2,1890.0,1987.0,0.0,241750.0,241750.0,254804.5,600.2,600.2,600.2,0.0,0.0,6.0,0.0,397.97206695294597,3993.0,1331.0
0,Fenway,59865.0,1539.0,1602.8,15825388.4,31208187.5,47033575.9,136425.0,59865.0,167170.0,118184.5,-1.0,-0.9,-0.8,0.9,755850.4885040128,3993.0,1331.0
0,Fenway,1729.2,1911.2,1805.4,235070.0,683720.0,918790.0,369153.0,1729.2,4363.9,3354.7,0.6,-0.6,-0.2,0.5,405.2899476450145,3993.0,1331.0
0,Fenway,98277.2,1161.7,596.6,16330685.6,24607470.3,40938155.9,364610.4,98277.2,48064.4,43223.2,-1.0,-0.9,-0.3,0.8,1703814.9223995921,3993.0,1331.0
0,Fenway,241636.5,1905.6,2004.0,38176500.0,52900590.0,91077090.0,457375.0,241636.5,54716.4,44031.7,-1.0,-1.0,-1.0,0.9,1441.5182550635707,3993.0,1331.0
0,Fenway,163022.8,1920.0,403.4,33294280.0,64597220.0,97891500.0,0.0,163022.8,51600.1,45652.3,-1.0,-1.0,-1.0,1.0,3018.1599787663986,3993.0,1331.0
0,Fenway,383383.9,1992.5,201.7,123977710.0,225397790.0,349375500.0,0.0,383383.9,123485.2,115386.8,-1.0,-1.0,-1.0,1.0,2923.8153643140677,3993.0,1331.0
0,Fenway,813677.3,1948.0,1201.8,159354510.0,595075240.0,754429750.0,0.0,813677.3,181826.6,159453.9,-1.0,-1.0,-1.0,1.0,28604.26671266283,3993.0,1331.0
0,Fenway,765150.2222222222,1742.2,1403.5,132250050.0,511817700.0,644067750.0,8922637.4,765150.2222222222,100134.1,85248.1,-1.0,-1.0,-1.0,0.8,399826.56586739706,3993.0,1331.0
0,Fenway,48853.25,957.8,1000.6,2190219.7,7192796.5,9383016.2,1798677.0,48853.25,48251.6,36887.1,-1.0,-1.0,-1.0,0.6,1008848.4184120729,3993.0,1331.0
0,Fenway,37595.3,961.4,805.8,3818517.3,11094997.2,14913514.5,5019545.9,37595.3,38944.6,32121.4,-1.0,-1.0,-1.0,0.5,2238064.169429292,3993.0,1331.0
0,Fenway,352.5,1728.0,1787.4,0.0,181290.0,181290.0,219565.6,352.5,289.0,289.0,2.6,-0.1,5.3,0.0,20226.711448658247,3993.0,1331.0
0,Fenway,292.0,1920.0,1988.6,0.0,112040.0,112040.0,118090.1,292.0,292.0,292.0,2.7,0.0,6.0,0.0,381.41385217843094,3993.0,1331.0
0,Fenway,310.0,1920.0,1986.0,0.0,63490.0,63490.0,66918.3,310.0,310.0,310.0,3.0,0.0,6.0,0.0,208.33149934964473,3993.0,1331.0
0,Fenway,317.0,1920.0,1986.0,0.0,48010.0,48010.0,50602.6,317.0,317.0,317.0,3.0,0.0,6.0,0.0,150.48579528622565,3993.0,1331.0
0,Fenway,292.0,1920.0,1986.0,0.0,43600.0,43600.0,45954.4,292.0,292.0,292.0,2.7,0.0,6.0,0.0,148.7277225100075,3993.0,1331.0
0,Fenway,310.0,1920.0,1986.0,0.0,62790.0,62790.0,66180.6,310.0,310.0,310.0,2.7,0.0,6.0,0.0,199.75362862224125,3993.0,1331.0
0,Fenway,317.0,1920.0,1986.0,0.0,64000.0,64000.0,67456.0,317.0,317.0,317.0,2.7,0.1,6.0,0.0,199.53487504082688,3993.0,1331.0
0,Fenway,292.0,1920.0,1986.0,0.0,43600.0,43600.0,45954.4,292.0,292.0,292.0,2.4,0.0,6.0,0.0,148.7277225100075,3993.0,1331.0
0,Fenway,314.0,1920.6,1986.0,0.0,63410.0,63410.0,66834.0,314.0,314.0,314.0,2.7,0.0,6.0,0.0,199.0724148758363,3993.0,1331.0
0,Fenway,21737.333333333332,1338.0,1398.9,1022470.0,4080414.5,5102884.5,7489550.5,21737.333333333332,13420.4,9491.6,-0.5,-0.7,0.2,0.1,1664288.3415414006,3993.0,1331.0
0,Fenway,4321.666666666667,1708.6,1591.9,1362270.0,3266050.0,4628320.0,2737218.0,4321.666666666667,14422.3,12712.4,-0.6,-0.3,1.8,0.1,37478.80596258278,3993.0,1331.0
0,Fenway,764.4,1900.0,1978.8,0.0,609340.0,609340.0,642244.5,764.4,764.4,764.4,0.6,0.1,6.0,0.0,800.917592974547,3993.0,1331.0
0,Fenway,696.0,1900.0,1979.9,0.0,589066.4,589066.4,620876.0,696.0,696.0,696.0,1.4,0.0,6.0,0.0,853.7558519418601,3993.0,1331.0
0,Fenway,708.0,1902.0,1983.8,0.0,604760.0,604760.0,637417.1,708.0,708.0,708.0,1.6,0.0,6.0,0.0,857.1875982661389,3993.0,1331.0
0,Fenway,1922.4,1900.0,1792.0,481210.0,1092340.0,1573550.0,1658521.7,1922.4,4610.3,3856.9,0.8,0.0,1.2,0.0,666.0277456115031,3993.0,1331.0
0,Fenway,537.3,1900.0,2001.7,0.0,502910.0,502910.0,530067.2,537.3,536.7,536.7,3.0,1.0,1.0,0.0,938.5194847073651,3993.0,1331.0
0,Fenway,566.4,1900.0,2000.0,0.0,521940.0,521940.0,550124.7,566.4,566.4,566.4,2.7,1.0,1.0,0.0,925.6980982864443,3993.0,1331.0
0,Fenway,556.5,1900.0,1800.0,0.0,526740.0,526740.0,555184.1,556.5,556.5,556.5,3.0,1.0,1.3,0.0,950.0231857590859,3993.0,1331.0
0,Fenway,545.3,1900.0,201.7,0.0,525050.0,525050.0,553402.7,545.3,545.3,545.3,3.0,1.0,1.0,0.0,964.9460296968567,3993.0,1331.0
0,Fenway,574.6,1900.0,402.8,0.0,545620.0,545620.0,575083.5,574.6,574.6,574.6,3.0,1.0,1.0,0.0,952.5604428863483,3993.0,1331.0
0,Fenway,542.9,1900.0,800.0,0.0,536030.0,536030.0,564975.7,542.9,542.9,542.9,3.0,0.9,1.0,0.0,992.0494946302639,3993.0,1331.0
0,Fenway,5958.4,1710.1,1790.9,3339640.0,9247980.0,12587620.0,494208.8,5958.4,20843.4,18380.4,1.8,0.2,2.4,0.2,19104.354231033336,3993.0,1331.0
0,Fenway,961.5,1895.0,1990.3,0.0,722570.0,722570.0,761588.8,961.5,961.5,961.5,2.4,0.0,6.0,0.0,756.8665114442745,3993.0,1331.0
0,Fenway,1602.0,1904.7,1983.9,195250.0,1099580.0,1294830.0,1656583.8,1602.0,2685.4,2357.5,2.2,-0.1,4.1,0.2,678.5868213779879,3993.0,1331.0
0,Fenway,1220.0,1929.5,2001.0,0.0,1028227.6,1028227.6,1083752.1,1220.0,1220.0,1220.0,2.7,1.0,1.0,0.0,832.319340525645,3993.0,1331.0
0,Fenway,1193.2,1701.9,1793.8,0.0,928110.0,928110.0,1049226.7,1193.2,953.2,953.2,1.7,0.8,1.7,0.0,49915.19899107128,3993.0,1331.0
0,Fenway,1254.0,1352.857142857143,1424.4285714285713,0.0,875285.7142857143,875285.7142857143,1055583.2857142857,1254.0,937.8571428571429,937.8571428571429,1.0,0.2857142857142857,2.7142857142857144,0.0,92578.27800044655,3993.0,1331.0
0,Longwood,43318.0,583.6,602.2,6839415.4,40436788.4,47276203.8,3302000.0,43318.0,51905.2,44473.2,-1.0,-1.0,-1.0,0.7,16191022.496699814,379.0,126.0
0,Longwood,36317.2,1355.4,1407.8,8873740.0,9937560.0,18811300.0,1548375.0,36317.2,82222.9,66343.3,-1.0,-1.0,-1.0,0.9,1043302.0244239003,379.0,126.0
0,Longwood,22122.0,1925.0,1743.25,7125700.0,9617012.5,16742712.5,140932.875,22122.0,14794.625,10703.875,-0.625,-0.625,1.625,0.625,1217.4701206015616,379.0,126.0
0,Mission Hill,3262.4,1904.0,602.5,280470.0,1142100.0,1422570.0,1499388.8,3262.4,5541.4,3785.5,-0.9,0.1,4.0,0.0,264.11175693348,1650.0,550.0
0,Mission Hill,2927.6,1715.5,1404.0,257300.0,886310.0,1143610.0,1205364.9,2927.6,4723.3,3252.4,-0.8,-0.2,3.6,0.0,12292.202157068778,1650.0,550.0
0,Mission Hill,2371.6,1528.5,1203.0,180952.0,625531.6,806483.6,1038100.6,2371.6,3123.4,2227.3,-0.9,-0.3,2.2,0.0,45432.86719548592,1650.0,550.0
0,Mission Hill,2156.6,1906.9,797.1,239500.0,657550.0,897050.0,1040467.6,2156.6,3162.2,2360.5,-0.8,-0.2,4.6,0.0,299.905384251088,1650.0,550.0
0,Mission Hill,2964.4,1905.9,1603.1,255630.0,978530.0,1234160.0,1379042.0,2964.4,4855.5,3491.8,-0.4,-0.1,3.5,0.0,291.9425899591571,1650.0,550.0
0,Mission Hill,2871.3,1901.3,1002.8,232560.0,1105990.0,1338550.0,1410831.8,2871.3,5035.2,3514.1,0.2,0.4,5.0,0.0,289.0144933557975,1650.0,550.0
0,Mission Hill,3431.8,1899.7,601.7,306390.0,1227650.0,1534040.0,1578913.2,3431.8,5953.6,4182.5,-1.0,0.0,4.4,0.1,252.4310763326417,1650.0,550.0
0,Mission Hill,4280.9,1916.6,804.9,279750.0,1176564.8,1456314.8,1534955.9,4280.9,5635.1,3857.4,-0.6,0.5,3.5,0.0,258.4041379296695,1650.0,550.0
0,Mission Hill,5024.6,1977.1,804.8,237530.0,1005210.0,1242740.0,1309848.0,5024.6,5190.5,3333.6,0.2,0.9,2.0,0.0,243.25557993788993,1650.0,550.0
0,Mission Hill,4989.4,1895.4,1398.9,227270.0,699980.0,927250.0,977321.6,4989.4,3659.7,2527.9,-0.1,0.4,3.4,0.0,273.5792205114557,1650.0,550.0
0,Mission Hill,1624.4,1919.0,1796.2,155600.0,629660.0,785260.0,827664.1,1624.4,2733.4,2154.4,-0.5,-0.1,4.0,0.0,308.16658961757184,1650.0,550.0
0,Mission Hill,2628.5,1912.0,1601.1,228640.0,887550.0,1116190.0,1134125.2,2628.5,4510.3,3190.5,-0.7,0.2,2.6,0.1,272.4467805919554,1650.0,550.0
0,Mission Hill,3353.4,1932.0,401.5,347528.2,1120789.3,1468317.5,1547606.8,3353.4,5151.9,3658.2,-1.0,0.3,3.5,0.0,297.2869684940504,1650.0,550.0
0,Mission Hill,2726.1,1907.9,1202.7,272850.0,998690.0,1271540.0,1340203.2,2726.1,5241.6,3436.9,-1.0,0.2,5.0,0.0,235.77659455006156,1650.0,550.0
0,Mission Hill,2840.8,1916.2,1194.3,286960.0,1118390.0,1405350.0,1481238.9,2840.8,4923.0,3470.5,-0.5,0.2,5.0,0.0,299.5794890546125,1650.0,550.0
0,Mission Hill,3124.2,1909.1,1201.3,315320.0,1133970.0,1449290.0,1527551.6,3124.2,5858.8,4051.8,-0.9,0.1,4.3,0.0,253.96691900222467,1650.0,550.0
0,Mission Hill,3579.4,1897.0,786.0,381180.0,1094100.0,1475280.0,1554945.0,3579.4,5653.0,3850.2,-1.0,0.0,5.0,0.0,254.26346377148556,1650.0,550.0
0,Roslindale,4977.0,1928.5,791.9,140050.0,318960.0,459010.0,483796.7,4977.0,3429.1,2506.5,-0.8,-0.2,4.1,0.0,143.3046654455071,7368.0,2456.0
0,Roslindale,4318.5,1923.8,993.8,79243.6,216831.9,296075.5,362783.0,4318.5,2327.3,1656.9,-0.6,-0.1,4.8,0.0,161.4083339218542,7368.0,2456.0
0,Roslindale,6689.7,1914.5,599.8,138200.0,298710.0,436910.0,568837.5,6689.7,3694.3,2386.7,-1.0,-0.2,4.1,0.0,184.07868357632816,7368.0,2456.0
0,Roslindale,6002.4,1934.7,1001.0,89840.0,243940.0,333780.0,351804.4,6002.4,2975.8,1753.3,-0.8,0.0,4.0,0.0,132.49419660740017,7368.0,2456.0
0,Roslindale,3593.5,1925.3,1605.0,55480.0,250850.0,306330.0,322871.8,3593.5,2033.2,1402.9,0.2,0.0,4.0,0.0,180.62256058110125,7368.0,2456.0
0,Roslindale,3867.9,1953.5,200.3,51200.0,314480.0,365680.0,385426.7,3867.9,2965.3,2393.7,-0.1,0.6,3.0,0.0,140.35374338885032,7368.0,2456.0
0,Roslindale,6498.7,1918.6,588.3,124230.0,224720.0,348950.0,428655.7,6498.7,2720.1,1709.4,-1.0,-0.1,4.8,0.0,130.6924476455335,7368.0,2456.0
0,Roslindale,6276.8,1919.3,594.2,108120.0,239480.0,347600.0,366370.4,6276.8,2813.0,1612.3,-1.0,0.1,4.5,0.0,129.71997020903652,7368.0,2456.0
0,Roslindale,2594.0,1955.0,0.0,39550.0,140078.9,179628.9,189328.9,2594.0,1373.6,908.9,-0.4,0.0,3.0,0.0,143.59583103945596,7368.0,2456.0
0,Roslindale,691.9,1965.0,0.0,0.0,120138.3,120138.3,126625.6,691.9,691.9,691.9,0.6,0.3,1.0,0.0,173.9019902413799,7368.0,2456.0
0,Roslindale,707.4,1960.0,0.0,0.0,119210.0,119210.0,125647.4,707.4,707.4,707.4,0.5,0.2,1.0,0.0,169.06159144942336,7368.0,2456.0
0,Roslindale,707.4,1965.0,0.0,0.0,120816.4,120816.4,127340.6,707.4,707.4,707.4,0.0,0.1,1.0,0.0,171.1150489808575,7368.0,2456.0
0,Roslindale,659.5,1965.0,0.0,0.0,110422.9,110422.9,116385.7,659.5,659.5,659.5,0.3,0.2,1.0,0.0,170.44623371154165,7368.0,2456.0
0,Roslindale,705.4,1965.0,198.1,0.0,119466.4,119466.4,125917.6,705.4,705.4,705.4,0.0,0.1,1.0,0.0,169.47717120565093,7368.0,2456.0
0,Roslindale,707.4,1965.0,198.1,0.0,123398.3,123398.3,130061.8,707.4,707.4,707.4,0.3,0.1,1.0,0.0,174.87107293616273,7368.0,2456.0
0,Roslindale,707.4,1965.0,0.0,0.0,123942.0,123942.0,130634.9,707.4,707.4,707.4,0.0,0.0,1.0,0.0,175.0085803522953,7368.0,2456.0
0,Roslindale,5801.3,1941.2,800.2,106028.6,186449.0,292477.6,398527.3,5801.3,2425.7,1809.4,-0.8,-0.1,3.1,0.0,133.6283099857685,7368.0,2456.0
0,Roslindale,4880.2,1917.6,998.2,76580.0,261370.0,337950.0,356199.5,4880.2,3540.3,2296.5,0.2,0.1,5.5,0.0,123.0661109323974,7368.0,2456.0
0,Roslindale,6249.4,1920.6,995.0,109680.0,261470.0,371150.0,391192.3,6249.4,3046.8,1742.4,-1.0,0.0,6.0,0.0,123.95605897821693,7368.0,2456.0
0,Roslindale,5733.9,1939.1,801.1,120380.0,255080.0,375460.0,395735.0,5733.9,2558.9,1462.0,-1.0,0.2,3.9,0.0,147.76373812797823,7368.0,2456.0
0,Roslindale,12533.8,1941.4,1199.8,461660.0,626890.0,1088550.0,1147331.7,12533.8,3745.6,3047.1,-0.4,0.1,2.3,0.0,187.22940077304574,7368.0,2456.0
0,Roslindale,14200.7,1943.4,397.9,492480.0,631680.0,1124160.0,1184864.7,14200.7,5915.7,4750.1,-1.0,-0.1,4.3,0.0,142.6135106237254,7368.0,2456.0
0,Roslindale,7380.0,1937.4,601.2,133025.0,284695.0,417720.0,440277.1,7380.0,3539.0,2016.3,-1.0,0.2,4.5,0.0,121.35351572039133,7368.0,2456.0
0,Roslindale,83782.3,1731.6,1200.4,503170.0,199200.0,702370.0,1345680.6,83782.3,2199.4,1244.3,-1.0,-0.1,3.6,0.0,402510.10398994805,7368.0,2456.0
0,Roslindale,55137.4,1967.3,398.4,478300.0,356220.0,834520.0,521761.9,55137.4,3609.9,2574.9,-1.0,0.1,2.1,0.1,222.8875687667467,7368.0,2456.0
0,Roslindale,5193.3,1959.4,604.0,122200.0,222810.0,345010.0,363640.8,5193.3,2228.1,1262.4,-1.0,0.1,5.8,0.0,155.16301571009518,7368.0,2456.0
0,Roslindale,6243.2,1955.0,0.0,132050.0,258450.0,390500.0,411587.0,6243.2,2868.8,1534.8,-1.0,0.1,5.5,0.0,144.96233995042533,7368.0,2456.0
0,Roslindale,8117.2,1958.0,199.0,146800.0,260120.0,406920.0,428893.8,8117.2,2836.5,1589.7,-1.0,0.2,6.0,0.0,146.4248735582809,7368.0,2456.0
0,Roslindale,8191.2,1961.3,198.9,141130.0,259540.0,400670.0,422306.3,8191.2,2715.4,1551.1,-1.0,0.0,5.5,0.0,149.26345509809008,7368.0,2456.0
0,Roslindale,6525.0,1961.3,602.0,128170.0,259200.0,387370.0,408288.4,6525.0,2351.1,1321.2,-1.0,0.0,5.0,0.0,164.84069845879588,7368.0,2456.0
0,Roslindale,5291.1,1949.6,198.9,126730.0,267970.0,394700.0,416014.1,5291.1,2749.0,1606.8,-1.0,0.1,4.0,0.0,148.26374122044123,7368.0,2456.0
0,Roslindale,3854.0,1969.2,804.7,73640.0,341650.0,415290.0,437715.9,3854.0,2627.0,1807.5,-0.1,0.5,3.5,0.0,194.17553725231295,7368.0,2456.0
0,Roslindale,7162.0,1950.2,399.4,163630.0,389340.0,552970.0,816981.5,7162.0,4058.7,2347.8,-1.0,0.0,3.8,0.0,139.23001498858187,7368.0,2456.0
0,Roslindale,15436.8,1728.4,1201.4,386440.0,923730.0,1310170.0,2577229.2,15436.8,10350.8,6502.7,-1.0,-0.6,1.3,0.2,134.13985228017563,7368.0,2456.0
0,Roslindale,7978.6,1926.9,1194.0,301732.4,753620.0,1055352.4,1727094.1,7978.6,7653.3,6080.7,-0.6,-0.5,2.5,0.0,151.19187957952872,7368.0,2456.0
0,Roslindale,3436.6,1912.4,799.7,107410.0,383880.0,491290.0,554692.8,3436.6,3736.5,2438.5,-0.2,0.0,3.8,0.0,158.63660656327144,7368.0,2456.0
0,Roslindale,3768.7,1914.4,1197.8,114890.0,297820.0,412710.0,543475.4,3768.7,3168.5,1856.5,-0.2,-0.2,3.6,0.0,164.66284835437378,7368.0,2456.0
0,Roslindale,4465.3,1919.8,991.9,156300.0,348430.0,504730.0,623983.7,4465.3,4081.5,2390.3,-1.0,-0.2,4.6,0.0,131.0167294284375,7368.0,2456.0
0,Roslindale,4694.4,1913.9,794.1,188200.0,381180.0,569380.0,600126.4,4694.4,4357.0,2816.6,-1.0,-0.2,4.6,0.0,131.45501249368652,7368.0,2456.0
0,Roslindale,4827.8,1912.2,602.1,158790.0,433050.0,591840.0,623799.4,4827.8,4115.2,2801.4,-0.5,0.1,3.9,0.0,171.06312014310816,7368.0,2456.0
0,Roslindale,4848.0,1913.6,1402.0,168850.0,368780.0,537630.0,566662.1,4848.0,3998.8,2315.7,-0.9,0.0,5.0,0.0,150.13975046121317,7368.0,2456.0
0,Roslindale,6812.0,1917.4,401.7,224130.0,377460.0,601590.0,764548.6,6812.0,3737.8,2522.6,-0.8,-0.1,5.3,0.0,194.72297998723957,7368.0,2456.0
0,Roslindale,3852.1,1712.3,1194.6,135740.0,330890.0,466630.0,491828.0,3852.1,3107.5,2112.9,-0.7,-0.3,3.9,0.0,6517.599200503053,7368.0,2456.0
0,Roslindale,3958.4,1914.1,1206.2,147304.1,354291.2,501595.3,528681.5,3958.4,3215.8,1911.7,-0.8,0.1,5.0,0.0,184.0797969346815,7368.0,2456.0
0,Roslindale,3443.8,1930.8,1208.7,84740.0,350350.0,435090.0,458585.0,3443.8,2413.8,1637.4,1.0,0.5,3.5,0.0,234.73003540660207,7368.0,2456.0
0,Roslindale,3689.4,1910.5,1001.8,114760.0,401880.0,516640.0,544538.8,3689.4,3206.0,1942.4,-0.5,0.0,4.9,0.0,189.81014935971606,7368.0,2456.0
0,Roslindale,6290.0,1909.6,1406.0,169040.0,414550.0,583590.0,615104.0,6290.0,3461.6,2039.4,-1.0,0.2,5.0,0.0,174.1418868633526,7368.0,2456.0
0,Roslindale,6643.9,1718.5,1198.0,159150.0,324330.0,483480.0,509588.1,6643.9,2841.6,1703.9,-1.0,-0.1,5.3,0.0,8844.164443351234,7368.0,2456.0
0,Roslindale,7388.9,1725.6,797.5,140190.0,358620.0,498810.0,673960.8,7388.9,3402.5,2111.9,-0.8,-0.1,4.6,0.0,5550.358943305337,7368.0,2456.0
0,Roslindale,3728.3,1914.1,600.7,130490.0,324580.0,455070.0,449654.2,3728.3,3855.2,2556.4,-1.0,-0.2,4.1,0.1,156.71269256921744,7368.0,2456.0
0,Roslindale,4567.3,1925.5,598.2,141560.0,335360.0,476920.0,502673.8,4567.3,2922.2,1807.1,-1.0,0.0,6.0,0.0,172.00771307686566,7368.0,2456.0
0,Roslindale,9485.1,1919.7,798.1,286699.5,786026.3,1072725.8,936974.9,9485.1,7787.4,5684.0,-1.0,-0.2,2.9,0.1,158.76429982986332,7368.0,2456.0
0,Roslindale,9732.4,1908.0,1191.2,908550.0,890280.0,1798830.0,1081594.0,9732.4,13801.4,8967.5,-1.0,-0.7,1.1,0.2,302.4978168533368,7368.0,2456.0
0,Roslindale,4353.8,1923.6,801.7,143470.0,379390.0,522860.0,551094.6,4353.8,3423.2,1989.6,-1.0,0.0,6.0,0.0,161.0699686287775,7368.0,2456.0
0,Roslindale,4387.0,1733.3,1201.6,121830.0,402733.6,524563.6,876432.7,4387.0,2876.6,2057.4,-0.6,-0.4,2.0,0.0,69850.15104007014,7368.0,2456.0
0,Roslindale,4500.0,1916.6,803.1,149775.0,345506.0,495281.0,522026.2,4500.0,3535.6,1851.3,-1.0,0.1,4.5,0.0,144.5861435371309,7368.0,2456.0
0,Roslindale,4674.3,1908.7,599.5,151660.0,378900.0,530560.0,559210.3,4674.3,3907.1,2354.1,-1.0,-0.1,4.3,0.0,143.2668976098958,7368.0,2456.0
0,Roslindale,3058.5,1919.9,601.8,99880.0,321650.0,421530.0,444292.7,3058.5,2463.3,1536.7,0.2,0.3,6.0,0.0,218.86111003470515,7368.0,2456.0
0,Roslindale,3719.0,1922.0,1398.1,159130.0,452880.0,612010.0,726338.2,3719.0,4280.6,2919.4,-1.0,-0.2,4.6,0.0,150.16942986473137,7368.0,2456.0
0,Roslindale,3269.8,1941.0,798.9,114820.0,385500.0,500320.0,527337.4,3269.8,3117.2,2078.7,-0.2,0.2,5.0,0.0,177.77377642131418,7368.0,2456.0
0,Roslindale,3085.2,1939.6,397.7,93900.0,338670.0,432570.0,455929.0,3085.2,2586.7,1620.9,-0.1,0.2,5.0,0.0,186.75263580201513,7368.0,2456.0
0,Roslindale,2543.4,1940.7,1404.9,87550.0,363280.0,450830.0,475175.2,2543.4,2482.0,1679.6,0.0,0.3,4.5,0.0,242.81186822931295,7368.0,2456.0
0,Roslindale,3300.9,1924.8,1203.9,97720.0,343320.0,441040.0,464856.2,3300.9,2709.6,1772.8,0.6,0.4,3.5,0.0,227.20463823731106,7368.0,2456.0
0,Roslindale,3167.0,1914.5,1002.4,120730.0,392680.0,513410.0,541134.1,3167.0,3421.1,2213.6,0.2,0.0,5.5,0.0,198.0396842564291,7368.0,2456.0
0,Roslindale,2741.5,1924.0,1202.3,117583.5,426784.3,544367.8,573763.8,2741.5,3767.3,2426.8,0.2,0.0,4.0,0.0,196.4370545983325,7368.0,2456.0
0,Roslindale,48729.9,1738.0,1197.2,661453.0,1564614.0,2226067.0,2346274.8,48729.9,4989.2,4373.8,0.2,-0.3,2.9,0.0,4011.4004981906887,7368.0,2456.0
0,Roslindale,95521.0,1964.2,1194.1,1262760.0,2766300.0,4029060.0,4246629.3,95521.0,15414.8,14896.0,-1.0,-0.3,3.2,0.0,222.85702789577377,7368.0,2456.0
0,Roslindale,3023.4,1930.0,1200.7,131590.0,402990.0,534580.0,563447.2,3023.4,3894.3,2823.6,0.2,-0.3,3.9,0.0,175.76906961400942,7368.0,2456.0
0,Roslindale,3923.3,1916.8,599.3,157630.0,416450.0,574080.0,605080.4,3923.3,4353.5,2720.8,-1.0,0.0,6.0,0.0,131.96046741215216,7368.0,2456.0
0,Roslindale,3386.1,1907.5,798.6,130420.0,299610.0,430030.0,453251.7,3386.1,3497.9,1874.8,-1.0,0.0,6.0,0.0,127.49579566685497,7368.0,2456.0
0,Roslindale,3220.3,1942.0,1610.5,62730.0,373070.0,435800.0,410311.6,3220.3,2239.0,1738.6,1.4,0.6,1.8,0.1,217.9112160704395,7368.0,2456.0
0,Roslindale,2633.8,1923.0,804.3,108250.0,438830.0,547080.0,513740.8,2633.8,3701.1,2531.3,0.2,0.0,4.0,0.1,188.81573293158962,7368.0,2456.0
0,Roslindale,2727.0,1922.0,600.3,106480.0,385850.0,492330.0,518915.6,2727.0,3787.4,2497.7,-0.7,-0.1,5.3,0.0,157.38877931162511,7368.0,2456.0
0,Roslindale,5180.4,1928.0,1194.0,226880.0,553000.0,779880.0,821993.6,5180.4,5864.2,4026.0,-1.0,-0.4,3.2,0.0,131.94593318066202,7368.0,2456.0
0,Mattapan,6110.5,1920.5,800.1,128000.0,314860.0,442860.0,437041.2,6110.5,3197.2,1872.3,-1.0,0.0,5.3,0.1,146.4927465440073,4379.0,1459.0
0,Mattapan,6717.3,1933.4,1408.2,158790.0,305680.0,464470.0,610654.1,6717.3,2515.8,1393.6,-1.0,-0.1,3.8,0.0,216.3151155036117,4379.0,1459.0
0,Mattapan,947.8,1900.0,1991.0,0.0,362090.0,362090.0,381642.8,947.8,947.8,947.8,0.3,1.0,1.0,0.0,393.16717243103756,4379.0,1459.0
0,Mattapan,1010.0,1900.0,1991.3,0.0,386120.0,386120.0,406970.6,1010.0,1010.0,1010.0,0.6,1.0,1.0,0.0,382.206959413284,4379.0,1459.0
0,Mattapan,986.5,1900.0,1991.3,0.0,407990.0,407990.0,430021.5,986.5,986.5,986.5,0.0,1.0,1.0,0.0,415.97395569333446,4379.0,1459.0
0,Mattapan,1023.9,1900.0,1991.4,0.0,427150.0,427150.0,450216.3,1023.9,1023.9,1023.9,0.3,1.0,1.0,0.0,422.63547470660353,4379.0,1459.0
0,Mattapan,1049.0,1900.0,1991.8,0.0,439982.2,439982.2,463741.4,1049.0,1049.0,1049.0,0.6,1.0,1.0,0.0,420.5465678921225,4379.0,1459.0
0,Mattapan,974.3,1900.0,1991.6,0.0,420930.0,420930.0,443660.3,974.3,974.3,974.3,0.0,1.0,1.0,0.0,437.5254024239217,4379.0,1459.0
0,Mattapan,1556.3,1900.0,1996.1,0.0,569370.0,569370.0,600116.1,1556.3,1556.3,1556.3,0.0,1.0,1.0,0.0,373.7075928664139,4379.0,1459.0
0,Mattapan,1462.8,1900.0,1996.0,0.0,572859.5,572859.5,603794.1,1462.8,1462.8,1462.8,0.9,1.0,1.0,0.0,392.9748237524123,4379.0,1459.0
0,Mattapan,1074.5,1900.0,1989.0,0.0,402047.0,402047.0,423757.6,1074.5,1074.5,1074.5,0.0,1.0,1.0,0.0,373.98255201564655,4379.0,1459.0
0,Mattapan,1115.3,1900.0,1992.8,0.0,444590.0,444590.0,468597.9,1115.3,1115.3,1115.3,0.9,1.0,1.0,0.0,396.6608754411158,4379.0,1459.0
0,Mattapan,1210.7,1900.0,2008.0,0.0,494350.5,494350.5,521045.5,1210.7,1210.7,1210.7,3.0,1.0,1.0,0.0,403.24233542947616,4379.0,1459.0
0,Mattapan,1390.7,1900.0,2008.0,0.0,507550.0,507550.0,534957.8,1390.7,1390.7,1390.7,3.0,1.0,1.0,0.0,371.2742863737834,4379.0,1459.0
0,Mattapan,1428.6,1900.0,2008.0,0.0,536456.4,536456.4,565425.1,1428.6,1428.6,1428.6,3.0,1.0,1.0,0.0,371.87360903407887,4379.0,1459.0
0,Mattapan,1435.2,1900.0,2008.0,0.0,610400.0,610400.0,643361.8,1435.2,1435.2,1435.2,2.7,1.0,1.0,0.0,432.3299083536561,4379.0,1459.0
0,Mattapan,1634.3,1900.0,2009.6,0.0,621460.0,621460.0,655019.0,1634.3,1634.3,1511.6,3.0,1.0,1.0,0.0,385.09236378124996,4379.0,1459.0
0,Mattapan,2016.5,1900.0,2010.5,0.0,749820.0,749820.0,790310.5,2016.5,2003.8,1825.2,3.0,1.0,1.0,0.0,379.35378628948285,4379.0,1459.0
0,Mattapan,1232.5,1900.0,2011.0,0.0,552170.0,552170.0,581987.4,1232.5,1232.5,1232.5,2.8,1.0,1.0,0.0,454.93843054172356,4379.0,1459.0
0,Mattapan,6011.8,1930.4,1402.5,98086.0,544367.9,642453.9,942160.6,6011.8,2984.0,2124.4,1.8,0.3,0.9,0.0,309.2868580775523,4379.0,1459.0
0,Mattapan,14873.1,1950.9,600.7,949810.0,1919600.0,2869410.0,2852240.0,14873.1,23409.9,18661.7,-0.2,0.1,1.9,0.1,234.886231605383,4379.0,1459.0
0,Mattapan,6031.6,1925.2,1797.3,198000.0,432895.8,630895.8,1426161.5,6031.6,5976.1,3805.4,-1.0,-0.9,-0.3,0.0,114.86026587670219,4379.0,1459.0
0,Mattapan,7149.2,1727.4,1201.5,174812.6,370749.9,545562.5,501410.5,7149.2,3482.5,2902.1,-0.2,-0.3,1.0,0.1,32186.6546925996,4379.0,1459.0
0,Mattapan,5483.4,1951.1,199.8,133070.0,339040.0,472110.0,497604.2,5483.4,3137.6,1945.4,-1.0,0.2,3.9,0.0,154.68972068914394,4379.0,1459.0
0,Mattapan,3623.9,1950.6,1003.9,104510.0,388440.0,492950.0,519569.5,3623.9,3458.6,2117.5,-0.6,0.3,4.5,0.0,175.6949153409787,4379.0,1459.0
0,Mattapan,6638.7,1733.2,400.1,164816.0,455375.7,620191.7,921676.4,6638.7,5873.3,4440.0,-1.0,-0.3,3.4,0.1,43241.833650951936,4379.0,1459.0
0,Mattapan,4095.6,1914.3,399.8,120130.0,281200.0,401330.0,423002.1,4095.6,2717.7,1644.8,-1.0,0.1,2.8,0.0,150.04093821398675,4379.0,1459.0
0,Mattapan,6385.8,1755.8,401.8,138264.0,271034.3,409298.3,507906.0,6385.8,2472.1,1157.5,-1.0,0.1,4.8,0.0,53039.17657959502,4379.0,1459.0
0,Mattapan,6150.5,1941.6,603.1,139160.0,286080.0,425240.0,448203.2,6150.5,2927.3,1550.3,-1.0,0.1,5.0,0.0,150.1541535007248,4379.0,1459.0
0,Mattapan,5594.2,1939.6,402.6,135093.2,306271.4,441364.6,465198.4,5594.2,3232.0,1925.9,-1.0,0.2,3.5,0.0,144.4758305169587,4379.0,1459.0
0,Mattapan,2271.3,1943.4,401.9,48300.0,230100.0,278400.0,307228.6,2271.3,1558.7,1212.0,-0.3,-0.2,4.1,0.0,253.65475097067406,4379.0,1459.0
0,Mattapan,1075.0,1957.5,198.6,12880.0,226910.0,239790.0,252738.7,1075.0,1017.7,811.8,-0.1,0.0,6.0,0.0,283.71969254288217,4379.0,1459.0
0,Mattapan,4796.2,1739.9,400.1,129251.1,255040.2,384291.3,393892.0,4796.2,3097.4,1721.3,-1.0,0.1,4.3,0.1,10697.063344879436,4379.0,1459.0
0,Mattapan,5102.3,1918.4,998.5,153930.0,400430.0,554360.0,584295.6,5102.3,5088.2,2909.7,-1.0,0.0,6.0,0.0,115.82692538316837,4379.0,1459.0
0,Mattapan,46505.3,1947.4,1391.6,758310.0,3486320.0,4244630.0,1700170.3,46505.3,20621.3,17759.2,-1.0,-0.9,-0.8,0.3,256.4631738439465,4379.0,1459.0
0,Mattapan,8110.5,1950.2,1588.7,153130.0,307800.0,460930.0,485820.5,8110.5,3352.8,2130.0,-1.0,0.0,2.0,0.0,139.08362201938553,4379.0,1459.0
0,Mattapan,8504.8,1945.0,595.5,143570.0,311300.0,454870.0,479433.2,8504.8,3422.1,2217.4,-1.0,0.2,1.0,0.0,134.54597919925402,4379.0,1459.0
0,Mattapan,5222.4,1936.6,596.8,95750.0,265670.0,361420.0,380936.8,5222.4,3028.1,1871.7,-1.0,0.0,3.0,0.0,121.57377476865254,4379.0,1459.0
0,Mattapan,6771.2,1959.0,390.5,86400.0,265910.0,352310.0,371334.9,6771.2,3215.4,1736.1,-1.0,0.3,2.0,0.0,112.81329695632228,4379.0,1459.0
0,Mattapan,14851.9,1735.2,395.3,176340.0,259910.0,436250.0,306998.6,14851.9,3409.6,2062.8,-1.0,-0.1,2.1,0.2,63730.179416634244,4379.0,1459.0
0,Mattapan,8173.2,1939.9,797.7,250250.0,524240.0,774490.0,816312.6,8173.2,6132.2,4743.0,-1.0,0.2,0.8,0.0,130.58456604307412,4379.0,1459.0
0,Mattapan,7853.3,1945.0,590.8,123250.0,286830.0,410080.0,432224.4,7853.3,3078.3,1979.5,-1.0,0.0,0.9,0.0,134.51961254522058,4379.0,1459.0
0,Mattapan,9070.8,1945.5,399.9,149966.0,285263.0,435229.0,458731.4,9070.8,3010.2,1930.3,-1.0,0.0,2.0,0.0,145.13094641274998,4379.0,1459.0
0,Mattapan,7114.6,1947.0,0.0,135720.0,301720.0,437440.0,461062.0,7114.6,3233.4,2140.8,-1.0,0.2,1.0,0.0,136.49144685521338,4379.0,1459.0
